1 3 -9.500 30.000 17.700 0.643
2 3 -7.150 29.700 17.850 0.597
3 3 -4.625 29.725 18.150 0.654
4 3 -1.550 29.750 17.200 0.546
5 3 1.650 29.450 17.300 0.432
6 3 3.900 29.600 17.900 0.432
7 3 6.667 29.500 17.300 0.381
8 3 9.033 30.000 17.333 0.313
9 3 11.367 29.867 17.967 0.313
10 3 13.225 30.200 18.050 0.286
11 3 16.133 29.867 17.400 0.313
12 3 18.767 29.967 17.367 0.356
13 3 21.300 29.900 17.550 0.330
14 3 23.733 30.100 17.567 0.356
15 3 26.050 30.525 18.425 0.330
16 3 28.733 30.500 17.700 0.305
17 3 31.300 30.500 17.700 0.398
18 3 34.075 30.450 17.525 0.356
19 3 36.675 30.150 17.675 0.444
20 3 39.200 30.625 17.575 0.419
21 3 42.025 30.625 17.700 0.432
22 3 44.550 30.650 17.350 0.375
23 3 46.767 31.300 17.800 0.347
24 3 49.633 31.400 17.200 0.305
25 3 51.975 30.850 17.375 0.394
26 3 54.433 30.850 17.250 0.457
27 3 57.133 31.067 17.233 0.508
28 3 59.625 31.150 17.875 0.743
29 3 62.475 31.200 18.000 0.775
30 3 65.300 31.100 17.325 0.743
31 3 -9.025 13.925 18.075 0.705
32 3 -6.400 13.850 17.875 0.495
33 3 -3.225 13.675 17.600 0.514
34 3 -0.500 13.367 17.400 0.432
35 3 1.500 13.440 17.440 0.442
36 3 3.775 13.400 17.200 0.337
37 3 6.580 13.080 17.420 0.330
38 3 8.550 13.417 17.567 0.330
39 3 10.775 13.700 17.825 0.394
40 3 13.433 13.612 17.670 0.287
41 3 15.833 13.167 17.367 0.356
42 3 18.700 13.700 18.200 0.305
43 3 21.000 13.450 17.425 0.362
44 3 23.600 13.200 17.767 0.237
45 3 26.050 13.425 17.475 0.222
46 3 28.467 13.333 17.600 0.229
47 3 31.180 13.380 17.480 0.259
48 3 34.025 13.675 17.800 0.337
49 3 36.267 13.467 17.200 0.364
50 3 38.700 13.350 17.325 0.330
51 3 41.425 14.425 17.725 0.305
52 3 44.100 13.900 18.700 0.288
53 3 46.233 14.100 18.033 0.288
54 3 48.650 14.050 17.800 0.330
55 3 52.050 14.350 17.650 0.305
56 3 54.233 14.167 18.067 0.381
57 3 57.271 14.000 17.271 0.464
58 3 60.333 13.567 16.600 0.542
59 3 62.475 13.825 17.300 0.743
60 3 64.325 13.600 16.525 0.699
15 5 27.062 34.788 17.125 0.235
15 4 26.767 32.467 17.233 0.237
15 3 26.480 30.120 17.660 0.366
15 2 26.450 27.900 17.300 0.381
15 1 26.667 25.467 17.800 0.457
15 1 26.650 23.525 17.725 0.502
