# The probe's own magnet moved across the breadboard (mostly touching it, some lifts) with the
# single MMC5633NJL at the board's centre on the back, uncalibrated (rotation 0, gain 1, underside):
# the `f` stream as Kevin pasted it on 2026-09-21 ~09:45 (row lines dropped). 9 sensors: 8 TMAG5273
# (3 decimals) then the MMC (5 decimals). For: ./magcal <this> 53.4 1e9 seen=3 only=8
# The MMC's row in the firmware when this was streamed (the stream is board-frame through it; magcal undoes it through this,
# not through the table it has now): x y z rotation gain zUp (0 = its y and z flipped: underside = true with the datasheet's z up)
# streamed-with 8 26.7 22.1 -2.0 0.0 1.0 0
mag,107455,-0.016,0.008,-0.001,-0.021,-0.002,-0.006,-0.040,0.029,-0.018,-0.006,0.082,-0.059,-0.007,-0.016,0.015,-0.008,-0.047,0.008,-0.028,-0.029,-0.025,-0.042,-0.064,-0.071,0.00202,0.04033,0.02607
mag,107504,-0.029,0.006,-0.006,-0.047,0.013,-0.010,-0.072,0.056,-0.030,-0.022,0.082,-0.064,-0.003,-0.046,-0.004,-0.018,-0.026,0.014,-0.027,0.000,-0.010,-0.020,-0.048,-0.039,0.00461,0.03754,0.02280
mag,107555,0.004,-0.002,0.014,-0.009,-0.009,-0.011,-0.059,0.034,-0.021,-0.039,0.064,-0.080,-0.045,-0.030,0.002,-0.041,-0.039,-0.006,-0.017,-0.008,-0.009,-0.026,-0.042,-0.041,0.00666,0.03487,0.01929
mag,107609,-0.019,0.000,0.004,-0.031,0.003,-0.003,-0.056,0.033,-0.032,-0.058,0.067,-0.085,-0.026,-0.034,-0.002,-0.006,-0.017,-0.001,-0.007,-0.047,-0.010,-0.021,-0.061,-0.030,0.01136,0.03524,0.01968
mag,107656,0.002,0.008,-0.002,-0.007,0.010,-0.008,-0.077,0.027,-0.043,-0.052,0.058,-0.094,-0.015,0.011,-0.013,-0.024,-0.046,-0.018,-0.024,-0.042,-0.014,-0.004,-0.044,-0.017,0.01506,0.03518,0.02040
mag,107710,-0.029,0.012,0.008,-0.017,0.015,-0.019,-0.062,0.036,-0.067,-0.012,0.049,-0.141,0.011,-0.015,0.000,-0.032,-0.043,-0.003,-0.012,-0.041,-0.025,0.011,-0.041,-0.023,0.02184,0.03741,0.03028
mag,107753,-0.026,-0.015,-0.007,-0.033,0.014,-0.019,-0.065,0.029,-0.092,0.004,0.063,-0.149,-0.017,0.004,0.003,-0.019,-0.015,0.001,-0.018,-0.049,-0.015,-0.000,-0.039,-0.019,0.02745,0.03644,0.03797
mag,107806,-0.055,-0.009,-0.002,-0.040,-0.002,-0.026,-0.051,0.056,-0.108,0.021,0.041,-0.166,-0.019,-0.006,-0.010,-0.006,-0.022,-0.013,0.002,-0.049,-0.008,0.018,-0.040,-0.016,0.03422,0.03758,0.04414
mag,107860,-0.029,0.002,-0.001,-0.059,0.025,-0.019,-0.053,0.028,-0.146,0.040,0.032,-0.160,-0.003,-0.029,0.000,-0.005,-0.013,-0.005,-0.023,-0.050,-0.007,0.016,-0.025,-0.010,0.04068,0.03620,0.04763
mag,107905,-0.028,0.018,-0.015,-0.065,0.007,-0.039,-0.062,0.023,-0.150,0.065,0.038,-0.176,-0.014,-0.028,0.003,-0.027,-0.031,0.004,0.003,-0.028,-0.010,0.007,-0.035,-0.003,0.04651,0.03330,0.04938
mag,107954,-0.022,0.008,-0.006,-0.069,0.020,-0.044,-0.055,0.027,-0.168,0.087,0.039,-0.178,-0.005,-0.017,-0.002,-0.015,-0.013,-0.003,-0.008,-0.066,-0.005,0.007,-0.049,-0.002,0.05248,0.03495,0.05542
mag,108005,-0.032,0.011,-0.011,-0.070,0.031,-0.050,-0.033,0.028,-0.202,0.097,0.025,-0.175,-0.014,-0.018,0.003,-0.027,-0.024,-0.003,-0.007,-0.024,-0.011,0.005,-0.042,0.002,0.06135,0.03349,0.06296
mag,108054,-0.053,-0.008,-0.010,-0.076,0.021,-0.070,-0.022,0.021,-0.240,0.129,0.028,-0.142,-0.009,-0.050,-0.020,-0.000,-0.029,-0.002,-0.008,-0.047,-0.008,0.013,-0.021,0.001,0.06968,0.02871,0.07034
mag,108105,-0.043,-0.006,-0.019,-0.073,0.016,-0.093,0.031,0.026,-0.241,0.107,0.020,-0.105,-0.013,-0.034,0.005,-0.009,-0.016,-0.001,0.000,-0.039,0.002,0.014,-0.026,0.011,0.07757,0.02082,0.08153
mag,108156,-0.074,-0.001,-0.036,-0.111,0.004,-0.124,0.073,0.014,-0.249,0.115,0.016,-0.072,-0.000,-0.026,-0.007,-0.030,-0.041,-0.013,-0.001,-0.045,-0.002,0.008,-0.022,0.006,0.09200,0.00483,0.09321
mag,108209,-0.085,0.007,-0.042,-0.112,0.018,-0.175,0.101,0.023,-0.209,0.112,-0.007,-0.032,-0.006,-0.032,0.005,-0.016,-0.049,-0.008,0.021,-0.039,0.010,0.023,-0.014,0.018,0.09882,-0.02039,0.09957
mag,108255,-0.109,0.008,-0.062,-0.094,0.027,-0.243,0.166,0.011,-0.170,0.076,-0.003,-0.013,-0.018,-0.034,-0.005,0.009,-0.038,-0.009,0.021,-0.050,0.004,0.026,-0.027,0.002,0.10790,-0.04270,0.10460
mag,108303,-0.135,0.012,-0.094,-0.093,0.014,-0.325,0.179,0.021,-0.133,0.077,0.007,0.014,-0.008,-0.063,-0.004,0.009,-0.042,-0.005,0.024,-0.039,-0.001,0.035,-0.020,0.001,0.11592,-0.06762,0.10252
mag,108355,-0.146,-0.000,-0.126,-0.005,0.044,-0.363,0.144,0.022,-0.084,0.074,0.006,0.007,-0.004,-0.040,0.002,0.011,-0.058,0.000,0.021,-0.030,0.014,0.018,-0.001,0.009,0.10325,-0.08780,0.08927
mag,108403,-0.152,0.048,-0.166,0.050,0.072,-0.379,0.132,0.011,-0.043,0.055,0.016,0.007,-0.024,-0.041,-0.004,0.002,-0.065,0.013,0.018,-0.029,0.009,0.020,-0.016,0.011,0.09396,-0.10202,0.08023
mag,108456,-0.142,0.077,-0.209,0.106,0.115,-0.316,0.117,0.007,-0.019,0.042,-0.006,0.016,-0.009,-0.055,-0.005,0.009,-0.075,0.001,0.031,-0.020,0.006,0.011,-0.007,0.015,0.06578,-0.11179,0.06387
mag,108505,-0.087,0.123,-0.231,0.136,0.102,-0.203,0.066,-0.004,0.017,0.017,0.015,0.013,-0.003,-0.069,-0.019,0.020,-0.050,-0.006,0.025,-0.033,0.012,-0.003,-0.011,0.015,0.03322,-0.11086,0.04400
mag,108561,-0.035,0.145,-0.202,0.140,0.119,-0.119,0.050,0.014,0.009,0.013,0.002,0.013,0.006,-0.092,-0.018,0.033,-0.067,-0.018,0.011,-0.018,0.006,0.001,-0.006,0.018,0.01365,-0.10635,0.02902
mag,108603,-0.004,0.138,-0.164,0.102,0.098,-0.069,0.050,0.012,0.010,0.015,-0.001,0.014,0.004,-0.094,-0.026,0.048,-0.094,-0.018,0.032,-0.029,0.014,0.001,0.011,0.013,0.00142,-0.10093,0.02428
mag,108654,-0.006,0.149,-0.110,0.092,0.101,-0.056,0.020,0.007,0.008,0.028,-0.006,0.007,-0.010,-0.127,-0.051,0.048,-0.080,-0.022,0.031,-0.010,0.007,0.004,-0.018,0.003,-0.01238,-0.09537,0.02283
mag,108703,-0.030,0.101,-0.056,0.088,0.074,-0.029,0.037,0.005,0.010,0.020,0.012,0.016,0.017,-0.119,-0.098,0.077,-0.065,-0.054,0.056,-0.026,0.010,0.028,0.008,0.023,-0.03008,-0.08731,0.02533
mag,108754,0.002,0.072,-0.032,0.028,0.068,-0.013,0.037,0.025,0.012,0.012,0.008,0.001,-0.024,-0.127,-0.165,0.086,-0.103,-0.098,0.047,-0.035,0.011,0.027,-0.017,0.004,-0.04575,-0.07453,0.02456
mag,108805,-0.007,0.054,-0.010,0.045,0.059,-0.010,0.027,0.008,0.005,0.011,-0.003,0.013,-0.038,-0.117,-0.200,0.104,-0.092,-0.145,0.063,0.008,-0.000,0.021,0.021,0.014,-0.05268,-0.06460,0.02364
mag,108855,0.008,0.055,-0.007,0.023,0.052,0.011,0.014,-0.007,0.014,-0.012,0.004,0.007,-0.070,-0.095,-0.209,0.070,-0.108,-0.207,0.062,-0.012,-0.008,0.034,-0.011,0.016,-0.05970,-0.05756,0.02816
mag,108905,-0.014,0.058,0.001,0.025,0.050,-0.010,0.038,0.037,0.018,0.018,0.002,0.006,-0.082,-0.090,-0.203,0.080,-0.058,-0.207,0.103,-0.006,-0.016,0.028,0.016,0.008,-0.06447,-0.05191,0.03213
mag,108953,-0.026,0.043,-0.010,0.013,0.059,0.001,0.025,0.002,0.001,0.010,0.009,0.013,-0.093,-0.080,-0.174,0.052,-0.092,-0.268,0.105,-0.017,-0.030,0.039,0.000,0.008,-0.07270,-0.04956,0.04152
mag,109004,0.002,0.039,0.004,0.020,0.070,0.001,0.029,0.032,0.010,0.001,0.009,0.012,-0.118,-0.086,-0.125,-0.000,-0.097,-0.276,0.128,-0.031,-0.058,0.035,-0.012,0.002,-0.09485,-0.04884,0.06870
mag,109055,-0.006,0.043,0.000,0.001,0.071,-0.008,0.027,0.042,0.012,0.013,0.013,0.024,-0.129,-0.052,-0.120,-0.045,-0.116,-0.299,0.156,-0.052,-0.103,0.059,-0.025,0.005,-0.11104,-0.04114,0.08115
mag,109104,-0.001,0.037,0.007,0.004,0.076,0.007,0.013,0.044,0.015,-0.004,0.030,0.023,-0.122,-0.062,-0.075,-0.091,-0.131,-0.271,0.148,-0.082,-0.143,0.092,-0.033,0.017,-0.13116,-0.02868,0.11248
mag,109154,-0.011,0.061,0.006,0.006,0.069,-0.001,0.022,0.053,0.012,0.029,0.018,0.008,-0.100,-0.048,-0.060,-0.117,-0.133,-0.227,0.153,-0.092,-0.170,0.104,-0.022,-0.004,-0.13625,-0.01559,0.13092
mag,109205,-0.034,0.028,0.009,-0.004,0.090,0.000,0.009,0.051,0.012,0.010,0.006,0.011,-0.111,-0.029,-0.054,-0.120,-0.143,-0.180,0.113,-0.121,-0.181,0.091,-0.046,-0.019,-0.13919,-0.00027,0.16009
mag,109255,-0.036,0.039,0.000,-0.024,0.106,-0.026,0.042,0.068,0.008,0.014,0.034,0.024,-0.086,-0.049,-0.033,-0.106,-0.139,-0.138,0.117,-0.138,-0.135,0.085,-0.027,-0.001,-0.13519,0.00221,0.22597
mag,109305,-0.054,0.037,-0.005,-0.011,0.139,-0.044,0.074,0.089,-0.011,0.037,0.005,0.020,-0.059,-0.066,-0.036,-0.079,-0.149,-0.094,0.098,-0.132,-0.079,0.064,-0.039,0.013,-0.11205,-0.02610,0.29694
mag,109353,-0.071,0.047,-0.007,-0.020,0.139,-0.050,0.059,0.111,-0.008,0.047,0.038,0.028,-0.065,-0.082,-0.032,-0.043,-0.168,-0.097,0.088,-0.131,-0.047,0.065,-0.027,0.004,-0.10365,-0.05801,0.34357
mag,109405,-0.091,0.074,-0.017,-0.031,0.181,-0.074,0.072,0.103,-0.016,0.042,0.030,0.027,-0.065,-0.087,-0.032,-0.056,-0.174,-0.079,0.083,-0.103,-0.029,0.068,-0.014,0.023,-0.09003,-0.09999,0.39042
mag,109453,-0.070,0.059,-0.010,-0.059,0.215,-0.085,0.119,0.106,-0.020,0.071,0.027,0.028,-0.059,-0.085,-0.021,-0.022,-0.159,-0.041,0.050,-0.108,-0.010,0.062,-0.044,0.013,-0.04653,-0.10929,0.44179
mag,109504,-0.081,0.059,-0.002,-0.069,0.206,-0.112,0.125,0.173,-0.050,0.069,0.048,0.026,-0.059,-0.095,-0.003,-0.051,-0.128,-0.030,0.069,-0.128,-0.011,0.044,-0.026,0.031,0.01543,-0.06973,0.51622
mag,109553,-0.110,0.062,-0.005,-0.136,0.220,-0.139,0.159,0.220,-0.102,0.100,0.025,0.032,-0.048,-0.073,-0.006,-0.024,-0.090,-0.006,0.049,-0.122,-0.012,0.037,-0.015,0.025,0.11724,-0.01888,0.53278
mag,109605,-0.075,0.059,0.001,-0.142,0.215,-0.121,0.182,0.272,-0.136,0.126,0.066,0.023,-0.028,-0.057,-0.004,-0.035,-0.090,-0.013,0.037,-0.097,0.004,0.042,-0.048,0.023,0.15826,0.03646,0.52609
mag,109654,-0.099,0.041,0.007,-0.165,0.183,-0.105,0.176,0.337,-0.210,0.143,0.083,0.021,-0.030,-0.041,0.004,-0.038,-0.092,0.007,0.045,-0.102,0.001,0.026,-0.058,0.024,0.19556,0.10936,0.49552
mag,109703,-0.069,0.031,0.016,-0.148,0.153,-0.061,0.133,0.446,-0.257,0.166,0.095,0.024,-0.033,-0.033,0.004,-0.071,-0.110,-0.015,0.038,-0.134,0.002,0.048,-0.058,0.028,0.21066,0.18758,0.46931
mag,109754,-0.084,0.014,0.006,-0.143,0.128,-0.049,0.108,0.477,-0.300,0.205,0.127,0.004,-0.047,-0.027,0.014,-0.032,-0.084,-0.005,0.012,-0.123,-0.000,0.053,-0.060,0.033,0.20738,0.22865,0.41018
mag,109805,-0.057,0.025,0.012,-0.156,0.105,-0.029,0.014,0.509,-0.303,0.216,0.172,-0.007,-0.025,-0.029,0.012,-0.036,-0.073,0.008,0.033,-0.129,0.005,0.039,-0.066,0.025,0.19392,0.26313,0.36749
mag,109854,-0.044,0.017,0.010,-0.137,0.074,-0.007,-0.007,0.519,-0.283,0.228,0.221,-0.018,-0.033,-0.033,0.006,-0.055,-0.059,0.007,-0.000,-0.126,0.007,0.045,-0.072,0.022,0.16923,0.27775,0.30913
mag,109903,-0.050,0.014,0.011,-0.112,0.102,0.005,-0.075,0.498,-0.248,0.237,0.272,-0.041,-0.031,-0.020,0.002,-0.032,-0.055,0.013,-0.002,-0.118,0.016,0.062,-0.091,0.027,0.13972,0.27464,0.24797
mag,109954,-0.031,0.021,0.012,-0.104,0.076,-0.004,-0.113,0.452,-0.222,0.219,0.299,-0.065,-0.015,-0.021,0.005,-0.058,-0.056,0.005,-0.014,-0.133,-0.003,0.047,-0.084,0.029,0.11787,0.25507,0.20701
mag,110004,-0.028,0.007,0.006,-0.079,0.053,-0.001,-0.150,0.370,-0.157,0.193,0.342,-0.075,-0.014,-0.020,0.015,-0.049,-0.031,0.000,-0.036,-0.148,-0.005,0.044,-0.119,0.023,0.08211,0.23295,0.16023
mag,110053,-0.057,0.016,0.010,-0.087,0.063,0.001,-0.144,0.320,-0.146,0.158,0.343,-0.081,-0.044,-0.020,0.019,-0.048,-0.071,-0.001,-0.026,-0.135,0.001,0.023,-0.126,0.015,0.06401,0.21779,0.13173
mag,110108,-0.028,0.002,0.010,-0.065,0.063,0.001,-0.147,0.327,-0.085,0.116,0.348,-0.070,-0.027,-0.034,0.003,-0.043,-0.035,-0.002,-0.064,-0.135,0.002,0.056,-0.133,0.003,0.04733,0.20951,0.11324
mag,110153,-0.040,0.008,0.014,-0.091,0.063,0.018,-0.182,0.265,-0.068,0.088,0.370,-0.059,-0.019,-0.033,0.010,-0.013,-0.057,0.021,-0.043,-0.145,0.006,0.043,-0.164,-0.006,0.03917,0.19926,0.09481
mag,110205,-0.021,0.008,0.013,-0.064,0.051,0.019,-0.104,0.230,-0.040,0.064,0.287,-0.036,-0.005,-0.031,0.014,-0.042,-0.046,0.005,-0.069,-0.137,-0.010,0.030,-0.192,-0.021,0.02238,0.19044,0.08621
mag,110253,-0.048,-0.007,0.013,-0.056,0.032,0.012,-0.102,0.224,-0.028,0.045,0.276,-0.013,-0.009,0.004,-0.000,-0.094,-0.042,0.000,-0.071,-0.156,-0.022,0.033,-0.204,-0.029,0.01157,0.18305,0.07972
mag,110304,-0.040,0.017,0.015,-0.048,0.044,0.013,-0.069,0.194,-0.019,0.036,0.240,-0.007,-0.030,-0.015,0.015,-0.058,-0.037,0.003,-0.068,-0.172,-0.034,0.048,-0.215,-0.030,0.00172,0.18790,0.08937
mag,110353,-0.031,0.013,0.006,-0.049,0.046,0.015,-0.071,0.185,-0.016,0.080,0.204,0.001,-0.028,-0.017,0.001,-0.072,-0.031,0.006,-0.083,-0.222,-0.058,0.069,-0.246,-0.051,-0.01275,0.19483,0.10633
mag,110404,-0.026,0.016,0.012,-0.056,0.043,0.007,-0.023,0.170,-0.012,0.041,0.178,0.013,-0.031,-0.022,0.004,-0.081,-0.063,0.003,-0.083,-0.224,-0.073,0.092,-0.258,-0.066,-0.02994,0.20247,0.11832
mag,110455,-0.031,0.001,0.010,-0.055,0.055,0.009,-0.027,0.179,-0.004,0.050,0.149,0.021,-0.026,-0.017,0.007,-0.063,-0.038,-0.004,-0.099,-0.266,-0.115,0.113,-0.240,-0.075,-0.05119,0.21402,0.13710
mag,110507,-0.025,0.029,0.016,-0.032,0.071,0.011,0.000,0.164,0.001,0.073,0.086,0.046,-0.048,-0.017,0.010,-0.105,-0.070,-0.011,-0.080,-0.328,-0.191,0.177,-0.226,-0.084,-0.09933,0.21829,0.18277
mag,110553,-0.035,0.026,0.020,-0.011,0.063,0.009,0.015,0.140,0.017,0.058,0.069,0.028,-0.061,-0.024,-0.004,-0.117,-0.087,-0.048,-0.028,-0.390,-0.265,0.197,-0.185,-0.051,-0.14533,0.21302,0.21788
mag,110603,-0.039,0.029,0.017,-0.035,0.081,0.024,0.042,0.120,0.023,0.044,0.058,0.043,-0.077,-0.039,0.005,-0.163,-0.116,-0.053,0.065,-0.468,-0.320,0.205,-0.158,-0.024,-0.21139,0.19956,0.25871
mag,110655,-0.026,0.021,0.010,-0.013,0.067,0.017,0.039,0.085,0.033,0.022,0.036,0.036,-0.097,-0.059,0.007,-0.207,-0.175,-0.100,0.209,-0.439,-0.359,0.195,-0.103,0.014,-0.28206,0.14436,0.27780
mag,110704,-0.039,0.031,0.015,-0.017,0.076,0.024,0.032,0.067,0.033,0.033,0.038,0.032,-0.119,-0.068,-0.013,-0.266,-0.219,-0.172,0.324,-0.387,-0.304,0.165,-0.074,0.028,-0.31602,0.07899,0.27056
mag,110755,-0.038,0.048,0.021,-0.019,0.104,0.025,0.037,0.075,0.034,0.030,0.014,0.024,-0.148,-0.084,-0.027,-0.281,-0.314,-0.259,0.350,-0.298,-0.203,0.117,-0.050,0.048,-0.34279,0.00606,0.25074
mag,110803,-0.030,0.047,0.021,-0.001,0.092,0.016,0.034,0.045,0.036,0.018,-0.005,0.027,-0.170,-0.093,-0.048,-0.275,-0.367,-0.373,0.319,-0.190,-0.116,0.106,-0.017,0.037,-0.31358,-0.06120,0.20164
mag,110854,-0.023,0.059,0.018,-0.007,0.080,0.027,0.031,0.055,0.035,0.022,-0.010,0.025,-0.172,-0.128,-0.076,-0.194,-0.423,-0.461,0.277,-0.143,-0.059,0.062,-0.034,0.049,-0.28615,-0.09504,0.16579
mag,110904,-0.023,0.064,0.026,0.004,0.099,0.023,0.031,0.011,0.030,0.008,-0.004,0.034,-0.204,-0.134,-0.089,-0.119,-0.429,-0.478,0.241,-0.101,-0.025,0.057,-0.007,0.038,-0.25431,-0.11841,0.13291
mag,110953,-0.018,0.058,0.009,0.018,0.101,0.021,0.031,0.022,0.032,0.018,-0.009,0.029,-0.224,-0.184,-0.135,-0.006,-0.444,-0.493,0.210,-0.077,-0.010,0.053,-0.032,0.033,-0.22239,-0.12807,0.10391
mag,111004,-0.026,0.081,0.018,0.026,0.079,0.027,0.039,0.020,0.032,0.017,0.001,0.020,-0.251,-0.208,-0.182,0.116,-0.455,-0.480,0.166,-0.050,0.020,0.047,-0.001,0.031,-0.19717,-0.13864,0.06895
mag,111053,-0.003,0.077,0.001,0.067,0.094,0.028,0.026,0.017,0.039,-0.005,0.011,0.022,-0.257,-0.271,-0.217,0.200,-0.460,-0.405,0.112,-0.033,0.046,0.029,-0.004,0.042,-0.17211,-0.14543,0.04200
mag,111103,-0.004,0.121,0.018,0.040,0.108,0.034,0.045,0.025,0.024,0.026,0.013,0.016,-0.202,-0.347,-0.264,0.248,-0.394,-0.304,0.125,-0.053,0.038,-0.025,-0.010,0.027,-0.14164,-0.14274,0.02143
mag,111154,-0.001,0.103,0.024,0.030,0.083,0.045,0.011,0.017,0.010,0.013,-0.007,0.020,-0.132,-0.365,-0.266,0.240,-0.276,-0.184,0.078,-0.058,0.032,0.009,-0.010,0.024,-0.11104,-0.13294,0.00466
mag,111203,0.037,0.112,0.019,0.034,0.104,0.033,0.014,0.006,-0.007,-0.003,-0.000,0.004,-0.051,-0.353,-0.286,0.239,-0.204,-0.090,0.054,-0.021,0.033,0.023,-0.003,0.027,-0.08188,-0.11111,-0.01204
mag,111254,0.034,0.128,0.010,0.062,0.077,0.027,0.028,0.019,0.016,0.003,-0.015,0.019,0.027,-0.362,-0.246,0.220,-0.149,-0.052,0.039,-0.009,0.026,0.001,-0.008,0.009,-0.06400,-0.10003,-0.02106
mag,111303,0.024,0.139,0.016,0.077,0.066,0.037,0.019,0.006,0.028,0.006,-0.004,0.013,0.053,-0.318,-0.201,0.186,-0.156,-0.014,0.038,-0.013,0.037,0.002,-0.014,0.013,-0.05257,-0.09263,-0.02675
mag,111353,0.044,0.124,0.005,0.049,0.051,0.040,0.047,0.041,0.038,-0.025,-0.010,0.022,0.067,-0.275,-0.139,0.134,-0.088,0.014,0.025,-0.010,0.017,0.016,0.000,0.015,-0.04232,-0.08702,-0.03050
mag,111403,0.056,0.172,-0.022,0.084,0.091,0.029,0.044,0.001,0.026,-0.002,-0.019,0.018,0.071,-0.228,-0.056,0.097,-0.089,0.021,0.019,-0.021,0.029,0.005,0.008,0.011,-0.03188,-0.08730,-0.03165
mag,111455,0.108,0.246,-0.057,0.106,0.070,0.035,0.023,0.006,0.025,0.014,-0.019,0.019,0.077,-0.162,-0.021,0.072,-0.079,0.028,0.032,-0.014,0.022,0.013,-0.003,0.016,-0.02267,-0.08928,-0.03447
mag,111503,0.111,0.320,-0.082,0.125,0.083,0.042,0.028,0.000,0.034,-0.004,-0.001,0.023,0.050,-0.151,-0.004,0.062,-0.064,0.036,0.025,-0.009,0.033,-0.013,-0.007,0.011,-0.01993,-0.10046,-0.03848
mag,111553,0.109,0.380,-0.143,0.152,0.105,0.027,0.026,-0.001,0.022,-0.004,-0.009,0.027,0.036,-0.141,0.015,0.062,-0.057,0.026,0.009,-0.009,0.021,0.011,-0.020,-0.002,-0.01628,-0.10798,-0.04287
mag,111603,0.082,0.496,-0.254,0.203,0.122,0.010,-0.007,0.040,0.049,-0.002,0.012,0.021,-0.004,-0.119,0.010,0.035,-0.058,0.040,-0.003,-0.004,0.022,-0.004,-0.012,0.015,-0.00757,-0.11258,-0.04426
mag,111653,0.078,0.504,-0.300,0.236,0.136,0.013,0.038,0.010,0.026,-0.024,-0.007,0.023,0.009,-0.118,0.017,0.046,-0.042,0.034,0.011,-0.003,0.025,0.012,0.001,0.018,-0.00293,-0.12436,-0.04340
mag,111703,0.054,0.533,-0.349,0.258,0.179,-0.016,0.052,0.025,0.045,0.009,-0.013,0.023,-0.002,-0.106,0.018,0.048,-0.051,0.036,0.035,-0.030,0.028,0.012,0.005,0.023,-0.00093,-0.12947,-0.04242
mag,111754,-0.017,0.551,-0.395,0.312,0.211,-0.049,0.023,0.012,0.026,0.012,-0.007,0.034,-0.015,-0.111,0.009,0.066,-0.068,0.037,0.027,-0.006,0.030,0.005,-0.031,0.008,0.00656,-0.15400,-0.03667
mag,111803,-0.154,0.573,-0.514,0.406,0.260,-0.130,0.047,0.003,0.050,0.018,-0.011,0.021,0.000,-0.102,0.019,0.043,-0.075,0.031,0.031,0.006,0.028,0.013,-0.007,0.016,0.02456,-0.17566,-0.02784
mag,111854,-0.279,0.522,-0.541,0.464,0.329,-0.269,0.060,0.017,0.050,0.014,-0.015,0.024,-0.014,-0.060,0.018,0.054,-0.077,0.024,0.019,-0.001,0.020,0.014,0.001,0.007,0.04355,-0.19350,-0.01435
mag,111905,-0.311,0.441,-0.491,0.466,0.381,-0.370,0.088,0.028,0.057,0.003,-0.007,0.030,0.004,-0.084,0.011,0.028,-0.066,0.022,0.012,-0.020,0.022,0.004,-0.023,0.018,0.05935,-0.21420,0.00205
mag,111954,-0.364,0.358,-0.441,0.438,0.407,-0.501,0.096,0.002,0.046,0.012,-0.010,0.033,-0.014,-0.080,0.009,0.032,-0.066,0.013,0.038,-0.025,0.022,0.018,-0.003,0.008,0.07909,-0.21774,0.02164
mag,112005,-0.399,0.260,-0.376,0.433,0.459,-0.700,0.128,0.022,0.048,0.016,0.009,0.043,-0.004,-0.071,0.015,0.034,-0.057,0.023,0.030,-0.024,0.035,0.020,0.002,0.007,0.10452,-0.22697,0.03873
mag,112056,-0.400,0.228,-0.311,0.363,0.512,-0.838,0.145,0.050,0.064,0.038,0.001,0.042,0.000,-0.051,0.010,0.015,-0.072,0.019,0.010,-0.024,0.033,0.006,-0.004,0.008,0.13894,-0.25330,0.06520
mag,112104,-0.382,0.153,-0.233,0.192,0.542,-1.050,0.221,0.051,0.055,0.043,-0.001,0.040,0.002,-0.073,-0.000,-0.002,-0.075,0.005,0.025,-0.034,0.035,0.017,-0.035,0.013,0.18712,-0.26377,0.09478
mag,112157,-0.358,0.156,-0.162,0.005,0.540,-1.109,0.253,0.036,0.045,0.028,-0.014,0.047,-0.014,-0.072,0.019,0.023,-0.068,0.022,0.014,-0.031,0.030,-0.002,-0.027,0.026,0.22654,-0.26556,0.12301
mag,112204,-0.316,0.102,-0.125,-0.147,0.509,-1.004,0.288,0.067,0.008,0.045,0.011,0.057,0.009,-0.060,0.011,0.021,-0.058,0.019,0.021,-0.028,0.025,0.010,-0.013,0.019,0.26055,-0.25487,0.16580
mag,112256,-0.267,0.086,-0.099,-0.259,0.444,-0.866,0.330,0.092,-0.026,0.085,0.012,0.056,-0.023,-0.055,0.005,-0.013,-0.065,0.010,0.038,-0.043,0.023,-0.001,-0.001,0.021,0.28271,-0.23773,0.20338
mag,112303,-0.224,0.067,-0.059,-0.379,0.388,-0.777,0.408,0.125,-0.095,0.085,-0.003,0.059,-0.022,-0.060,0.012,-0.005,-0.092,0.010,0.028,-0.047,0.031,0.004,-0.031,0.020,0.32480,-0.20262,0.23284
mag,112353,-0.216,0.067,-0.043,-0.375,0.335,-0.590,0.425,0.162,-0.160,0.093,0.024,0.051,-0.013,-0.049,0.010,0.001,-0.076,0.015,0.050,-0.029,0.021,0.003,-0.008,0.022,0.33671,-0.16149,0.26745
mag,112404,-0.179,0.058,-0.022,-0.377,0.315,-0.447,0.441,0.224,-0.221,0.120,0.004,0.066,-0.013,-0.050,0.012,-0.027,-0.093,0.012,0.032,-0.054,0.016,0.034,-0.036,0.022,0.34673,-0.12864,0.32155
mag,112454,-0.161,0.038,-0.009,-0.335,0.285,-0.353,0.454,0.281,-0.268,0.126,0.041,0.059,-0.018,-0.044,0.008,-0.021,-0.077,0.009,0.014,-0.050,0.019,0.012,-0.048,0.018,0.35450,-0.08698,0.36373
mag,112510,-0.132,0.045,-0.016,-0.316,0.227,-0.271,0.402,0.340,-0.363,0.156,0.049,0.046,-0.015,-0.030,0.005,-0.022,-0.078,0.011,0.037,-0.074,0.021,0.024,-0.037,0.038,0.34432,-0.02596,0.36911
mag,112555,-0.118,0.025,-0.009,-0.310,0.214,-0.230,0.385,0.343,-0.360,0.161,0.066,0.047,-0.005,-0.054,0.016,-0.007,-0.068,0.012,0.056,-0.090,0.002,0.039,-0.033,0.025,0.33679,0.00609,0.39685
mag,112604,-0.116,0.034,-0.006,-0.273,0.181,-0.166,0.340,0.443,-0.410,0.170,0.039,0.053,-0.026,-0.055,0.008,-0.010,-0.079,0.013,0.049,-0.091,0.014,0.039,-0.033,0.022,0.33352,0.05954,0.41150
mag,112658,-0.066,0.006,0.003,-0.263,0.178,-0.121,0.287,0.465,-0.390,0.199,0.107,0.031,-0.028,-0.042,0.002,-0.019,-0.068,0.003,0.039,-0.086,-0.000,0.040,-0.052,0.026,0.30079,0.11296,0.43219
mag,112705,-0.061,0.033,-0.000,-0.210,0.146,-0.089,0.219,0.513,-0.419,0.205,0.104,0.016,-0.045,-0.023,0.004,-0.042,-0.059,0.028,0.026,-0.097,0.009,0.029,-0.059,0.015,0.27859,0.15998,0.40086
mag,112755,-0.077,0.034,0.006,-0.192,0.137,-0.066,0.153,0.526,-0.452,0.231,0.155,-0.017,-0.022,-0.024,0.014,-0.025,-0.053,0.009,0.034,-0.093,0.009,0.035,-0.078,0.022,0.24357,0.17561,0.34130
mag,112808,-0.072,0.007,0.008,-0.181,0.086,-0.039,0.035,0.589,-0.583,0.309,0.197,-0.058,-0.035,-0.037,0.008,-0.032,-0.054,0.010,0.008,-0.098,0.014,0.041,-0.060,0.022,0.22493,0.18596,0.26196
mag,112855,-0.073,0.006,0.011,-0.160,0.090,-0.040,-0.111,0.558,-0.673,0.348,0.246,-0.158,-0.017,-0.006,0.010,-0.013,-0.029,0.012,-0.001,-0.089,0.014,0.029,-0.034,0.032,0.20163,0.17054,0.19170
mag,112904,-0.043,0.014,0.003,-0.167,0.051,-0.019,-0.240,0.505,-0.710,0.413,0.284,-0.238,-0.020,-0.018,-0.005,-0.025,-0.038,0.026,0.003,-0.087,0.013,0.041,-0.059,0.021,0.18110,0.15389,0.14928
mag,112956,-0.057,0.006,0.010,-0.124,0.031,-0.018,-0.345,0.464,-0.717,0.487,0.357,-0.346,-0.016,-0.021,0.007,-0.019,-0.037,0.011,0.020,-0.077,0.019,0.012,-0.058,0.015,0.16273,0.14469,0.11284
mag,113003,-0.055,-0.009,0.015,-0.137,0.032,-0.002,-0.459,0.368,-0.611,0.485,0.415,-0.568,-0.017,-0.009,0.007,-0.020,-0.038,0.007,-0.009,-0.063,0.002,0.013,-0.052,0.016,0.14151,0.13355,0.08479
mag,113054,-0.033,0.007,0.012,-0.103,-0.000,0.007,-0.426,0.320,-0.425,0.395,0.537,-0.681,-0.012,-0.010,-0.001,-0.024,-0.022,0.004,0.019,-0.067,0.005,0.019,-0.073,0.005,0.11600,0.12957,0.06687
mag,113104,-0.023,0.007,0.013,-0.092,0.027,0.007,-0.413,0.287,-0.304,0.262,0.614,-0.692,-0.005,-0.021,0.008,-0.025,-0.032,0.011,-0.008,-0.071,0.016,0.009,-0.071,0.021,0.09409,0.12596,0.05459
mag,113155,-0.034,0.010,0.010,-0.101,0.047,0.004,-0.320,0.258,-0.209,0.160,0.603,-0.521,-0.014,-0.019,-0.001,-0.017,-0.028,0.006,-0.004,-0.078,0.008,0.007,-0.086,0.024,0.07859,0.13106,0.05469
mag,113204,-0.011,0.010,0.015,-0.082,0.030,0.014,-0.244,0.260,-0.155,0.108,0.533,-0.379,-0.008,-0.014,0.020,-0.046,-0.021,0.000,-0.015,-0.089,0.002,0.020,-0.087,0.009,0.06447,0.13550,0.05784
mag,113255,-0.016,0.022,0.006,-0.048,0.049,0.006,-0.229,0.258,-0.118,0.128,0.499,-0.254,-0.018,-0.033,0.012,-0.035,-0.029,0.002,-0.061,-0.098,0.001,0.018,-0.133,0.011,0.05634,0.14682,0.06463
mag,113303,-0.034,0.020,0.019,-0.075,0.054,0.006,-0.176,0.246,-0.098,0.094,0.404,-0.144,-0.029,-0.002,0.008,-0.057,-0.064,0.015,-0.035,-0.122,-0.013,0.022,-0.144,-0.002,0.04444,0.16353,0.07557
mag,113354,-0.033,0.019,0.007,-0.040,0.057,0.017,-0.112,0.228,-0.044,0.068,0.330,-0.064,-0.012,-0.025,-0.003,-0.057,-0.057,-0.003,-0.068,-0.122,-0.020,0.035,-0.166,-0.032,0.02368,0.16740,0.07806
mag,113404,-0.031,-0.006,0.004,-0.062,0.033,0.007,-0.095,0.217,-0.032,0.053,0.287,-0.019,-0.021,-0.049,0.012,-0.059,-0.034,0.008,-0.078,-0.144,-0.040,0.015,-0.218,-0.036,0.00888,0.16875,0.08079
mag,113457,0.005,0.019,0.025,-0.059,0.014,0.015,-0.090,0.194,-0.018,0.049,0.247,-0.004,-0.036,-0.053,0.005,-0.043,-0.053,0.023,-0.083,-0.145,-0.043,0.049,-0.216,-0.056,-0.00157,0.16366,0.07354
mag,113503,-0.018,0.026,0.016,-0.050,0.053,0.020,-0.094,0.172,-0.012,0.023,0.258,-0.004,-0.009,-0.030,0.007,-0.017,-0.014,-0.004,-0.056,-0.137,-0.025,-0.012,-0.204,-0.043,-0.00013,0.14981,0.05795
mag,113554,-0.018,0.025,0.008,-0.039,0.026,0.007,-0.102,0.149,-0.004,-0.006,0.277,-0.035,-0.004,-0.017,0.004,-0.032,-0.025,0.004,-0.088,-0.126,-0.023,0.005,-0.212,-0.048,0.00291,0.13141,0.04235
mag,113604,-0.029,0.007,0.001,-0.039,0.011,0.017,-0.079,0.157,-0.020,-0.012,0.294,-0.052,-0.004,0.003,0.005,-0.009,-0.032,0.003,-0.075,-0.086,-0.003,-0.015,-0.185,-0.044,0.00668,0.11700,0.03671
mag,113653,-0.029,-0.004,0.011,-0.046,0.026,0.017,-0.145,0.137,-0.021,-0.068,0.348,-0.125,-0.008,-0.012,-0.002,-0.028,-0.012,0.001,-0.051,-0.081,-0.004,-0.011,-0.164,-0.019,0.01880,0.10633,0.03092
mag,113705,-0.023,0.014,0.012,-0.055,0.018,0.008,-0.183,0.143,-0.049,-0.097,0.442,-0.273,-0.013,-0.010,0.008,-0.040,-0.025,0.016,-0.041,-0.062,0.011,-0.009,-0.118,-0.001,0.03276,0.09844,0.02637
mag,113753,-0.033,0.002,0.013,-0.056,0.021,0.009,-0.215,0.155,-0.073,-0.104,0.476,-0.361,-0.028,-0.005,0.011,-0.033,-0.027,0.004,-0.041,-0.075,0.014,-0.022,-0.094,0.008,0.04078,0.09856,0.02788
mag,113804,-0.045,0.013,-0.001,-0.058,0.035,0.007,-0.308,0.163,-0.174,-0.002,0.554,-0.631,-0.013,-0.032,-0.003,-0.045,-0.041,0.012,-0.009,-0.061,0.008,-0.023,-0.119,0.019,0.06146,0.10178,0.03463
mag,113854,-0.033,0.003,0.008,-0.096,0.018,0.010,-0.313,0.268,-0.238,0.168,0.554,-0.580,-0.017,-0.012,0.000,-0.012,-0.035,0.014,-0.014,-0.085,0.001,0.024,-0.090,0.011,0.08094,0.12401,0.05679
mag,113904,-0.072,0.011,0.017,-0.095,0.037,-0.012,-0.268,0.325,-0.277,0.263,0.447,-0.344,-0.043,-0.003,0.004,-0.012,-0.034,0.002,-0.006,-0.113,0.001,0.039,-0.078,0.011,0.09133,0.14638,0.08583
mag,113953,-0.012,0.020,0.030,-0.104,0.027,0.006,-0.206,0.328,-0.241,0.212,0.418,-0.217,-0.018,-0.005,0.017,-0.035,-0.008,0.005,-0.016,-0.103,-0.014,0.045,-0.083,0.005,0.08782,0.16870,0.11405
mag,114004,-0.040,-0.000,0.015,-0.095,0.028,-0.002,-0.190,0.293,-0.236,0.184,0.373,-0.214,-0.011,-0.015,0.003,-0.055,-0.037,-0.006,-0.032,-0.103,-0.006,0.021,-0.104,-0.002,0.08051,0.16007,0.11429
mag,114053,-0.040,0.003,0.008,-0.097,0.043,-0.002,-0.212,0.311,-0.248,0.204,0.376,-0.259,-0.024,-0.023,0.005,-0.042,-0.061,0.004,-0.013,-0.107,0.005,0.041,-0.097,0.007,0.08340,0.15097,0.10784
mag,114104,-0.049,0.014,0.016,-0.114,0.032,0.007,-0.201,0.336,-0.257,0.224,0.400,-0.237,-0.024,-0.045,0.003,0.007,-0.011,0.003,-0.022,-0.115,-0.000,0.055,-0.049,-0.006,0.08741,0.16240,0.10864
mag,114155,-0.050,0.030,0.011,-0.116,0.024,0.007,-0.265,0.370,-0.228,0.237,0.514,-0.249,0.001,-0.025,0.005,-0.014,-0.032,0.011,-0.028,-0.119,0.010,0.033,-0.098,0.010,0.08998,0.18308,0.09951
mag,114209,-0.044,0.004,0.011,-0.092,0.040,0.010,-0.263,0.390,-0.229,0.240,0.504,-0.233,-0.008,-0.011,0.009,-0.028,-0.035,-0.003,-0.019,-0.106,0.001,0.049,-0.098,0.013,0.09208,0.18432,0.10205
mag,114253,-0.025,0.012,0.014,-0.090,0.054,0.005,-0.218,0.414,-0.238,0.251,0.415,-0.186,-0.015,0.005,0.009,-0.049,-0.066,0.014,0.010,-0.114,0.026,0.054,-0.081,0.016,0.09355,0.19386,0.12091
mag,114306,-0.034,0.024,0.016,-0.106,0.037,0.003,-0.215,0.338,-0.259,0.247,0.344,-0.193,-0.025,-0.025,0.006,-0.013,-0.046,0.002,-0.046,-0.114,-0.016,0.019,-0.100,0.001,0.09334,0.17369,0.12950
mag,114354,-0.038,0.008,0.007,-0.104,0.064,-0.004,-0.199,0.308,-0.246,0.217,0.348,-0.220,-0.018,-0.022,0.008,-0.054,-0.037,0.001,-0.006,-0.116,-0.001,0.018,-0.106,0.002,0.08495,0.15548,0.11762
mag,114407,-0.035,0.021,0.016,-0.088,0.055,-0.000,-0.183,0.307,-0.213,0.173,0.334,-0.189,-0.025,-0.002,-0.007,-0.023,-0.050,0.003,-0.014,-0.101,-0.014,0.037,-0.102,-0.005,0.07867,0.15784,0.12248
mag,114454,-0.041,-0.004,0.005,-0.108,0.045,-0.002,-0.123,0.289,-0.233,0.165,0.270,-0.154,-0.006,-0.060,-0.002,-0.028,-0.018,0.003,-0.019,-0.109,-0.008,0.051,-0.085,-0.002,0.08122,0.16310,0.14204
mag,114503,-0.034,0.013,-0.001,-0.090,0.037,-0.011,-0.125,0.289,-0.237,0.170,0.253,-0.133,-0.029,-0.036,-0.002,-0.014,-0.048,0.000,-0.018,-0.109,-0.007,0.023,-0.088,-0.009,0.08220,0.16280,0.15540
mag,114554,-0.016,0.026,0.012,-0.078,0.024,-0.011,-0.084,0.273,-0.204,0.157,0.206,-0.112,-0.016,-0.016,0.012,-0.040,-0.061,-0.004,-0.020,-0.131,-0.028,0.028,-0.093,-0.014,0.06883,0.16080,0.15678
mag,114604,-0.032,0.024,0.022,-0.083,0.040,-0.004,-0.099,0.240,-0.168,0.141,0.241,-0.122,-0.014,-0.006,-0.017,-0.045,-0.060,0.001,-0.005,-0.087,-0.012,0.038,-0.118,-0.019,0.05713,0.15670,0.13823
mag,114654,-0.036,0.012,0.017,-0.085,0.043,0.000,-0.146,0.217,-0.154,0.119,0.286,-0.171,-0.020,-0.025,0.005,-0.027,-0.029,0.003,-0.025,-0.100,-0.020,0.017,-0.094,-0.020,0.05217,0.13598,0.09909
mag,114704,-0.049,0.001,0.017,-0.076,0.022,0.006,-0.146,0.196,-0.142,0.099,0.299,-0.218,-0.003,-0.012,0.004,-0.034,-0.025,-0.000,-0.025,-0.078,-0.029,-0.008,-0.112,-0.012,0.04725,0.11839,0.08056
mag,114754,-0.026,0.001,0.014,-0.060,0.026,-0.008,-0.169,0.179,-0.158,0.089,0.293,-0.288,-0.009,-0.024,0.005,-0.037,-0.023,0.000,-0.018,-0.059,-0.004,0.001,-0.068,0.000,0.05037,0.10804,0.06856
mag,114805,-0.059,0.013,0.004,-0.080,0.010,-0.005,-0.226,0.144,-0.273,0.122,0.258,-0.395,-0.008,-0.004,-0.001,-0.014,-0.029,0.008,0.001,-0.079,0.003,0.010,-0.083,-0.006,0.07336,0.09294,0.07055
mag,114854,-0.046,0.021,0.008,-0.109,0.010,-0.037,-0.199,0.110,-0.434,0.253,0.145,-0.375,0.025,0.013,-0.005,-0.019,-0.028,-0.000,0.001,-0.058,-0.018,-0.018,-0.060,0.010,0.09971,0.07810,0.07768
mag,114904,-0.050,0.018,-0.002,-0.154,0.006,-0.056,-0.074,0.130,-0.604,0.298,0.079,-0.236,-0.016,-0.010,0.006,-0.038,-0.039,-0.000,-0.000,-0.051,-0.001,0.024,-0.052,0.015,0.13737,0.06688,0.10272
mag,114953,-0.104,0.003,-0.023,-0.215,0.045,-0.142,0.138,0.131,-0.487,0.192,0.026,-0.071,-0.011,-0.055,0.001,-0.024,-0.054,0.020,0.008,-0.051,0.002,0.021,-0.027,0.011,0.16604,0.03604,0.15190
mag,115005,-0.092,0.031,-0.031,-0.182,0.087,-0.229,0.233,0.127,-0.285,0.140,0.013,-0.010,-0.020,-0.039,-0.001,-0.007,-0.059,-0.012,0.023,-0.045,0.013,0.025,-0.024,0.018,0.16950,-0.02253,0.20932
mag,115054,-0.115,0.035,-0.059,-0.119,0.146,-0.271,0.183,0.095,-0.126,0.097,0.013,0.013,0.009,-0.043,0.012,-0.028,-0.068,-0.007,0.047,-0.049,0.005,0.023,-0.033,0.012,0.14168,-0.07929,0.21756
mag,115103,-0.128,0.076,-0.087,-0.048,0.194,-0.280,0.145,0.070,-0.056,0.068,0.017,0.008,-0.026,-0.056,-0.011,-0.006,-0.069,-0.017,0.049,-0.048,-0.002,0.016,-0.018,0.010,0.09977,-0.12204,0.21151
mag,115154,-0.107,0.085,-0.083,-0.021,0.191,-0.238,0.115,0.072,-0.036,0.051,0.009,0.011,-0.027,-0.074,-0.012,0.010,-0.097,-0.018,0.025,-0.023,0.007,0.032,-0.019,0.030,0.06963,-0.14645,0.20388
mag,115205,-0.091,0.117,-0.074,0.017,0.201,-0.169,0.093,0.061,-0.007,0.033,0.039,0.024,-0.019,-0.063,-0.012,-0.009,-0.102,-0.034,0.059,-0.060,0.009,0.043,-0.024,0.019,0.02419,-0.16347,0.21887
mag,115256,-0.058,0.108,-0.047,-0.003,0.180,-0.093,0.087,0.062,-0.003,0.042,0.014,0.020,-0.047,-0.063,-0.040,-0.001,-0.142,-0.068,0.089,-0.060,-0.008,0.043,-0.023,0.015,-0.04426,-0.14516,0.25178
mag,115303,-0.052,0.069,-0.019,-0.022,0.135,-0.047,0.081,0.072,-0.005,0.022,0.007,0.016,-0.056,-0.068,-0.031,-0.046,-0.155,-0.093,0.097,-0.094,-0.030,0.046,-0.060,0.018,-0.08179,-0.09656,0.28849
mag,115353,-0.057,0.064,-0.000,-0.040,0.152,-0.038,0.047,0.080,-0.016,0.053,0.028,0.020,-0.046,-0.034,-0.020,-0.083,-0.138,-0.071,0.094,-0.131,-0.055,0.059,-0.033,0.001,-0.08348,-0.02962,0.32999
mag,115404,-0.033,0.037,-0.003,-0.062,0.106,-0.031,0.044,0.124,-0.036,0.080,0.042,0.021,-0.038,-0.036,-0.011,-0.090,-0.130,-0.051,0.061,-0.165,-0.083,0.096,-0.085,-0.007,-0.06397,0.07544,0.31795
mag,115454,-0.014,0.054,0.005,-0.069,0.057,-0.019,0.026,0.185,-0.065,0.093,0.086,0.001,-0.031,-0.019,-0.008,-0.074,-0.074,-0.029,0.019,-0.178,-0.084,0.085,-0.078,-0.016,-0.02501,0.14683,0.27302
mag,115505,-0.038,0.039,0.013,-0.065,0.068,-0.016,-0.017,0.215,-0.101,0.119,0.141,-0.025,-0.029,-0.021,0.003,-0.047,-0.072,-0.018,-0.001,-0.153,-0.064,0.089,-0.110,-0.015,0.01302,0.16627,0.23126
mag,115553,-0.045,-0.012,0.010,-0.063,0.030,-0.023,-0.030,0.261,-0.145,0.131,0.158,-0.059,0.006,-0.005,0.003,-0.017,-0.090,-0.011,0.010,-0.127,-0.034,0.069,-0.088,-0.008,0.04013,0.15850,0.19968
mag,115604,-0.046,0.028,-0.001,-0.106,0.077,-0.025,-0.021,0.289,-0.275,0.188,0.198,-0.110,-0.022,-0.030,-0.005,-0.020,-0.035,0.002,-0.001,-0.113,-0.032,0.038,-0.087,-0.006,0.09396,0.14532,0.19721
mag,115655,-0.048,0.021,-0.013,-0.117,0.092,-0.084,0.070,0.297,-0.321,0.161,0.097,-0.044,-0.023,0.008,0.010,-0.030,-0.043,-0.007,-0.004,-0.088,-0.000,-0.003,-0.076,0.015,0.13970,0.09718,0.26312
mag,115703,-0.071,0.029,-0.001,-0.150,0.126,-0.135,0.165,0.253,-0.216,0.118,0.060,0.013,-0.025,-0.028,0.001,-0.036,-0.076,-0.006,0.010,-0.084,-0.014,0.028,-0.039,0.008,0.15269,0.03562,0.33280
mag,115754,-0.091,0.053,-0.021,-0.148,0.197,-0.163,0.197,0.210,-0.134,0.091,0.045,0.030,-0.025,-0.030,0.001,-0.025,-0.105,-0.006,0.048,-0.106,-0.006,0.022,-0.049,0.021,0.15873,-0.02908,0.43333
mag,115803,-0.100,0.066,-0.023,-0.081,0.249,-0.149,0.151,0.146,-0.040,0.061,0.039,0.029,-0.032,-0.065,-0.013,-0.037,-0.116,-0.038,0.077,-0.081,-0.005,0.045,-0.043,0.016,0.09419,-0.10152,0.44558
mag,115853,-0.070,0.088,-0.023,-0.051,0.194,-0.103,0.094,0.110,0.000,0.034,0.008,0.020,-0.058,-0.086,-0.019,-0.021,-0.176,-0.054,0.081,-0.104,-0.011,0.043,-0.039,0.023,-0.03615,-0.13186,0.42055
mag,115903,-0.034,0.092,-0.004,-0.020,0.160,-0.045,0.063,0.105,0.013,0.049,0.018,0.032,-0.083,-0.070,-0.030,-0.075,-0.204,-0.107,0.100,-0.138,-0.038,0.055,-0.044,0.009,-0.15638,-0.09384,0.39257
mag,115953,-0.034,0.065,0.008,-0.029,0.150,-0.013,0.052,0.092,0.013,0.049,0.014,0.035,-0.099,-0.046,-0.030,-0.111,-0.181,-0.121,0.142,-0.161,-0.080,0.075,-0.039,0.026,-0.20717,-0.02417,0.40231
mag,116003,-0.034,0.051,0.001,-0.026,0.103,-0.004,0.078,0.122,0.011,0.034,0.048,0.028,-0.093,-0.061,-0.032,-0.146,-0.182,-0.097,0.135,-0.216,-0.125,0.104,-0.045,0.020,-0.20465,0.06051,0.38195
mag,116054,-0.046,0.029,0.012,-0.047,0.094,-0.010,0.053,0.125,-0.000,0.053,0.064,0.030,-0.065,-0.020,-0.001,-0.110,-0.141,-0.062,0.100,-0.242,-0.155,0.125,-0.079,-0.005,-0.17188,0.11720,0.35820
mag,116104,-0.021,0.040,0.009,-0.040,0.084,-0.007,0.024,0.150,-0.005,0.055,0.067,0.033,-0.054,-0.029,0.001,-0.106,-0.124,-0.058,0.061,-0.243,-0.154,0.132,-0.095,-0.014,-0.13758,0.15605,0.33983
mag,116155,-0.021,0.031,0.008,-0.055,0.109,0.007,0.028,0.144,-0.000,0.061,0.047,0.027,-0.058,-0.035,-0.001,-0.124,-0.123,-0.049,0.053,-0.282,-0.149,0.105,-0.094,-0.019,-0.12559,0.16707,0.32602
mag,116204,-0.037,0.039,0.009,-0.044,0.083,-0.006,0.018,0.176,-0.006,0.073,0.086,0.032,-0.043,-0.031,0.011,-0.109,-0.110,-0.032,0.020,-0.248,-0.140,0.121,-0.107,-0.029,-0.09705,0.18273,0.30520
mag,116255,-0.039,0.011,0.004,-0.068,0.079,0.014,0.006,0.158,-0.019,0.052,0.105,0.040,-0.041,-0.015,0.005,-0.103,-0.086,-0.026,0.013,-0.235,-0.134,0.097,-0.126,-0.026,-0.08088,0.19282,0.28266
mag,116303,-0.034,0.023,0.008,-0.066,0.095,-0.002,0.015,0.178,-0.032,0.073,0.067,0.007,-0.033,-0.012,0.013,-0.059,-0.081,-0.021,0.017,-0.187,-0.110,0.103,-0.125,-0.026,-0.06130,0.19016,0.29156
mag,116356,-0.045,0.026,0.006,-0.085,0.084,-0.017,0.033,0.204,-0.058,0.100,0.094,0.008,-0.022,-0.030,0.000,-0.076,-0.080,-0.034,0.026,-0.171,-0.071,0.079,-0.106,-0.012,-0.02678,0.17167,0.32481
mag,116403,-0.047,0.045,-0.002,-0.085,0.130,-0.039,0.055,0.202,-0.071,0.104,0.090,0.026,-0.029,-0.035,-0.010,-0.053,-0.086,-0.036,0.032,-0.153,-0.061,0.087,-0.086,0.007,-0.00082,0.13036,0.41786
mag,116455,-0.045,0.063,-0.005,-0.088,0.160,-0.054,0.119,0.192,-0.030,0.073,0.044,0.040,-0.032,-0.058,-0.003,-0.060,-0.133,-0.047,0.069,-0.144,-0.028,0.031,-0.050,0.012,-0.02430,0.03900,0.54263
mag,116504,-0.083,0.078,-0.016,-0.093,0.259,-0.117,0.143,0.152,-0.009,0.061,0.031,0.043,-0.053,-0.069,-0.001,-0.010,-0.141,-0.025,0.076,-0.121,0.016,0.037,-0.033,0.032,0.04015,-0.11947,0.58679
mag,116553,-0.123,0.118,-0.044,-0.007,0.301,-0.141,0.132,0.047,0.030,0.055,0.011,0.045,-0.025,-0.081,-0.029,0.006,-0.161,-0.028,0.081,-0.057,0.026,0.020,-0.021,0.013,-0.01561,-0.27008,0.37737
mag,116605,-0.150,0.172,-0.101,0.083,0.317,-0.206,0.104,0.047,0.027,0.029,-0.007,0.034,-0.016,-0.100,-0.014,0.027,-0.107,-0.009,0.061,-0.059,0.026,0.016,-0.002,0.021,0.02340,-0.27506,0.20499
mag,116653,-0.139,0.278,-0.200,0.208,0.254,-0.171,0.067,0.037,0.056,0.014,-0.003,0.040,-0.002,-0.107,-0.028,0.050,-0.104,0.012,0.035,-0.008,0.031,0.024,0.003,0.022,0.01425,-0.22085,0.05784
mag,116704,-0.127,0.347,-0.320,0.306,0.262,-0.165,0.051,0.015,0.051,0.001,-0.004,0.031,0.005,-0.077,0.007,0.048,-0.061,0.020,0.004,-0.026,0.033,0.028,-0.023,0.006,0.02119,-0.19587,0.00968
mag,116754,-0.077,0.394,-0.421,0.296,0.185,-0.131,0.055,-0.007,0.044,-0.001,-0.006,0.026,0.008,-0.059,0.008,0.062,-0.030,0.018,0.010,-0.019,0.029,0.003,-0.013,0.009,0.01860,-0.14969,-0.01650
mag,116805,-0.041,0.427,-0.499,0.302,0.150,-0.102,0.048,0.004,0.052,-0.022,0.004,0.037,0.028,-0.084,0.012,0.049,-0.053,0.031,0.008,-0.014,0.025,-0.004,-0.004,0.019,0.01619,-0.13232,-0.02889
mag,116854,0.089,0.473,-0.497,0.270,0.108,-0.019,0.025,0.011,0.041,-0.006,-0.006,0.025,0.046,-0.078,0.018,0.031,-0.039,0.033,0.005,-0.019,0.030,0.012,-0.009,0.013,0.00928,-0.11167,-0.03944
mag,116903,0.143,0.497,-0.542,0.258,0.115,-0.007,0.031,0.021,0.039,0.010,-0.008,0.032,0.037,-0.075,0.017,0.047,-0.033,0.023,0.026,0.001,0.026,0.010,-0.004,0.016,0.00820,-0.10091,-0.04658
mag,116953,0.202,0.445,-0.434,0.218,0.095,0.019,0.020,-0.007,0.045,0.010,-0.022,0.019,0.020,-0.090,0.008,0.042,-0.047,0.027,0.021,-0.011,0.022,0.018,-0.013,0.015,0.00374,-0.08997,-0.04635
mag,117005,0.235,0.408,-0.331,0.181,0.080,0.037,0.028,0.009,0.043,-0.009,-0.001,0.026,0.049,-0.066,0.032,0.045,-0.029,0.034,0.031,0.006,0.024,-0.015,-0.002,0.020,0.00017,-0.07834,-0.04785
mag,117055,0.277,0.403,-0.273,0.154,0.060,0.054,-0.003,0.015,0.035,0.000,-0.002,0.023,0.048,-0.063,0.030,0.031,-0.050,0.044,0.025,-0.002,0.038,0.016,-0.008,-0.006,-0.00204,-0.07036,-0.05182
mag,117105,0.278,0.396,-0.243,0.167,0.041,0.052,0.019,0.000,0.034,0.013,0.008,0.013,0.068,-0.060,0.023,0.068,-0.035,0.032,0.004,-0.004,0.019,0.007,0.021,0.024,-0.00201,-0.06835,-0.05087
mag,117153,0.273,0.427,-0.240,0.169,0.008,0.055,0.009,0.011,0.019,-0.014,0.015,0.022,0.064,-0.070,0.020,0.016,-0.014,0.034,-0.014,-0.014,0.030,0.025,-0.013,0.012,-0.00184,-0.06900,-0.05147
mag,117205,0.269,0.376,-0.195,0.164,0.057,0.056,0.011,-0.012,0.048,0.009,0.010,0.013,0.049,-0.097,0.028,0.026,-0.027,0.044,0.002,-0.002,0.018,0.004,0.021,0.011,-0.00275,-0.06665,-0.05065
mag,117253,0.224,0.333,-0.128,0.132,0.059,0.056,0.011,0.004,0.032,-0.012,0.003,0.030,0.049,-0.098,0.024,0.023,-0.042,0.049,0.004,0.010,0.015,-0.002,-0.001,0.015,-0.00446,-0.06295,-0.04908
mag,117304,0.213,0.224,-0.077,0.070,0.023,0.050,0.023,-0.012,0.023,-0.015,-0.001,0.018,0.055,-0.092,0.024,0.037,-0.054,0.042,0.022,0.000,0.016,-0.005,0.007,0.022,-0.00602,-0.05590,-0.04339
mag,117354,0.190,0.231,-0.065,0.094,0.043,0.048,0.024,-0.006,0.024,0.013,0.012,0.017,0.067,-0.112,0.021,0.059,-0.026,0.038,-0.001,-0.007,0.013,-0.013,-0.013,0.006,-0.00701,-0.05523,-0.04230
mag,117404,0.146,0.187,-0.021,0.073,0.027,0.036,-0.008,0.004,0.018,0.007,0.016,0.009,0.118,-0.128,0.020,0.065,-0.050,0.047,0.003,0.011,0.030,0.008,0.001,0.003,-0.00939,-0.05182,-0.04141
mag,117455,0.110,0.157,-0.005,0.059,0.022,0.038,0.010,-0.008,0.025,-0.002,0.003,0.009,0.107,-0.140,0.003,0.068,-0.034,0.047,0.017,-0.000,0.029,0.006,0.000,0.018,-0.01128,-0.05171,-0.04117
mag,117503,0.101,0.133,0.003,0.054,0.031,0.032,0.006,-0.007,0.021,0.011,-0.013,0.007,0.112,-0.164,-0.017,0.078,-0.046,0.033,0.015,0.006,0.023,0.002,-0.005,0.008,-0.01494,-0.05353,-0.03723
mag,117553,0.067,0.122,-0.007,0.053,0.040,0.040,0.006,-0.015,0.024,0.007,0.004,0.008,0.111,-0.205,-0.055,0.102,-0.048,0.030,0.009,-0.009,0.025,0.009,0.010,0.016,-0.01980,-0.05849,-0.03284
mag,117605,0.048,0.129,0.010,0.032,0.045,0.039,0.014,-0.002,0.014,0.011,-0.029,-0.009,0.137,-0.185,-0.090,0.143,-0.084,0.038,0.043,-0.023,0.042,0.014,0.004,0.018,-0.02212,-0.05371,-0.02646
mag,117654,0.047,0.098,0.014,0.030,0.044,0.019,0.003,0.015,0.010,-0.016,-0.007,0.012,0.164,-0.244,-0.134,0.133,-0.051,0.020,0.041,-0.017,0.038,0.002,-0.008,0.021,-0.02351,-0.05527,-0.02605
mag,117703,0.062,0.074,0.005,0.036,0.041,0.023,0.019,-0.012,0.019,0.013,-0.002,0.015,0.179,-0.275,-0.159,0.108,-0.075,0.038,0.070,-0.015,0.033,-0.026,0.010,-0.011,-0.02419,-0.04776,-0.02673
mag,117753,0.032,0.095,0.010,0.028,0.044,0.010,0.022,-0.016,0.028,0.017,0.021,-0.004,0.214,-0.316,-0.185,0.153,-0.052,0.029,0.006,0.005,0.031,-0.014,0.038,0.016,-0.02605,-0.05159,-0.02929
mag,117807,0.043,0.086,0.020,0.042,0.019,0.028,0.018,-0.007,0.022,-0.001,-0.005,0.008,0.262,-0.299,-0.192,0.147,-0.056,0.040,0.028,-0.015,0.021,-0.013,0.005,0.016,-0.02536,-0.04623,-0.02832
mag,117853,0.031,0.081,0.023,0.000,0.021,0.026,-0.001,-0.012,0.024,0.006,-0.010,0.020,0.267,-0.319,-0.189,0.120,-0.067,0.042,0.009,-0.004,0.022,0.002,-0.005,0.002,-0.02554,-0.04678,-0.02712
mag,117905,0.032,0.063,0.016,0.047,0.012,0.025,0.017,-0.014,0.008,0.003,-0.009,0.012,0.281,-0.304,-0.207,0.153,-0.068,0.032,0.021,-0.001,0.029,-0.014,-0.011,0.014,-0.02394,-0.04300,-0.02584
mag,117954,0.033,0.067,0.020,0.032,0.019,0.024,0.020,-0.006,0.011,0.004,-0.006,0.004,0.343,-0.263,-0.229,0.161,-0.048,0.029,0.016,-0.001,0.036,-0.001,-0.003,0.013,-0.02400,-0.04082,-0.02381
mag,118003,0.024,0.068,0.017,0.019,0.022,0.025,0.008,-0.015,0.003,-0.017,0.014,0.006,0.325,-0.279,-0.251,0.155,-0.066,0.034,0.013,-0.019,0.025,0.009,-0.010,0.012,-0.02473,-0.04054,-0.02305
mag,118053,0.018,0.078,0.032,0.034,0.008,0.012,0.010,-0.017,0.013,0.006,-0.016,0.001,0.359,-0.296,-0.304,0.156,-0.051,0.023,0.039,-0.010,0.030,0.008,0.001,0.010,-0.02535,-0.04027,-0.02193
mag,118103,0.040,0.041,0.014,0.025,0.022,0.037,0.014,0.004,0.003,-0.015,-0.012,0.014,0.456,-0.292,-0.402,0.182,-0.053,0.013,0.041,-0.003,0.036,-0.025,-0.022,0.009,-0.02597,-0.03690,-0.02187
mag,118154,0.027,0.045,0.025,0.013,0.020,0.013,-0.005,0.018,0.012,0.004,-0.006,0.013,0.446,-0.332,-0.465,0.180,-0.061,0.016,0.032,0.011,0.015,-0.001,0.010,0.006,-0.02898,-0.04105,-0.02179
mag,118205,0.009,0.064,0.034,0.026,0.034,0.027,0.018,0.017,0.018,-0.004,-0.016,0.018,0.413,-0.317,-0.468,0.201,-0.041,-0.000,0.011,0.013,0.013,0.022,0.003,0.012,-0.03032,-0.04224,-0.02045
mag,118254,0.021,0.070,0.020,0.050,0.025,0.020,0.002,0.008,0.017,-0.001,0.016,0.019,0.381,-0.355,-0.538,0.236,-0.078,-0.010,0.034,-0.003,0.021,0.011,-0.033,0.023,-0.03461,-0.04672,-0.01919
mag,118305,0.035,0.078,0.013,0.021,0.039,0.021,0.014,0.000,0.019,0.000,-0.002,0.007,0.237,-0.422,-0.507,0.232,-0.124,-0.031,0.046,0.002,0.031,0.014,0.000,0.007,-0.04194,-0.05922,-0.01757
mag,118353,0.027,0.062,0.017,0.032,0.035,0.022,0.023,0.012,0.012,-0.003,0.000,0.009,0.179,-0.478,-0.620,0.274,-0.135,-0.052,0.055,-0.010,0.025,0.011,-0.002,0.020,-0.04938,-0.06271,-0.01739
mag,118404,0.032,0.079,0.017,0.015,0.038,0.031,0.027,0.003,0.013,-0.003,-0.005,0.026,0.053,-0.486,-0.626,0.315,-0.160,-0.092,0.067,-0.007,0.041,0.021,-0.020,0.015,-0.05829,-0.07019,-0.01311
mag,118453,-0.015,0.079,0.005,0.017,0.054,0.017,-0.002,0.022,0.019,-0.007,0.013,0.013,-0.058,-0.506,-0.544,0.334,-0.212,-0.159,0.070,-0.056,0.034,-0.012,0.007,0.009,-0.07532,-0.08612,-0.00583
mag,118504,-0.006,0.089,0.014,0.030,0.064,0.028,0.005,0.021,0.026,-0.007,0.006,0.014,-0.232,-0.429,-0.409,0.329,-0.336,-0.285,0.101,-0.031,0.027,0.035,-0.005,0.022,-0.10531,-0.10859,0.01057
mag,118555,-0.029,0.084,0.014,0.014,0.100,0.012,0.014,0.011,0.028,0.016,-0.009,0.022,-0.196,-0.315,-0.201,0.181,-0.425,-0.305,0.105,-0.065,0.031,0.027,-0.013,0.024,-0.15697,-0.15370,0.06284
mag,118604,-0.024,0.094,0.019,0.047,0.121,0.017,0.038,0.035,0.017,-0.001,0.031,0.024,-0.192,-0.236,-0.120,0.091,-0.462,-0.323,0.133,-0.069,0.018,0.027,-0.011,0.025,-0.19769,-0.16686,0.11654
mag,118654,-0.037,0.086,0.012,-0.016,0.105,0.012,0.026,0.020,0.016,0.016,0.018,0.024,-0.183,-0.165,-0.071,-0.034,-0.419,-0.331,0.161,-0.116,-0.005,0.059,-0.019,0.027,-0.23445,-0.15176,0.17766
mag,118703,-0.028,0.081,0.015,-0.013,0.138,0.016,0.036,0.055,0.025,0.027,0.021,0.030,-0.161,-0.110,-0.045,-0.115,-0.381,-0.268,0.196,-0.153,-0.046,0.079,-0.033,0.025,-0.27516,-0.11636,0.25548
mag,118754,-0.036,0.057,0.009,-0.027,0.105,0.009,0.034,0.066,0.024,0.034,0.036,0.026,-0.140,-0.084,-0.027,-0.167,-0.322,-0.231,0.217,-0.202,-0.103,0.085,-0.049,0.019,-0.29211,-0.04992,0.29262
mag,118803,-0.034,0.065,0.009,-0.046,0.113,0.017,0.022,0.079,0.018,0.040,0.041,0.026,-0.102,-0.057,0.004,-0.207,-0.251,-0.159,0.220,-0.274,-0.174,0.105,-0.051,0.030,-0.30412,0.03281,0.32542
mag,118854,-0.039,0.034,0.014,-0.043,0.104,0.009,0.024,0.114,0.020,0.035,0.051,0.029,-0.048,-0.058,0.005,-0.173,-0.179,-0.081,0.139,-0.361,-0.199,0.138,-0.096,0.009,-0.28353,0.11405,0.36615
mag,118903,-0.007,0.042,0.015,-0.050,0.072,0.030,0.015,0.110,0.006,0.036,0.074,0.024,-0.059,-0.039,0.002,-0.175,-0.137,-0.044,0.088,-0.384,-0.275,0.171,-0.147,-0.011,-0.22079,0.18865,0.30324
mag,118955,-0.019,0.025,0.018,-0.052,0.061,0.011,0.008,0.118,0.011,0.052,0.059,0.027,-0.052,-0.021,0.013,-0.121,-0.092,-0.019,-0.007,-0.420,-0.271,0.179,-0.206,-0.058,-0.15623,0.20878,0.22468
mag,119003,-0.026,0.012,0.011,-0.046,0.039,0.010,-0.011,0.133,0.015,0.043,0.094,0.029,-0.049,-0.009,-0.001,-0.101,-0.063,-0.000,-0.118,-0.373,-0.230,0.220,-0.246,-0.100,-0.11150,0.21170,0.16132
mag,119053,-0.030,0.051,0.011,-0.059,0.027,0.018,0.015,0.083,0.019,0.027,0.106,0.010,-0.045,-0.002,0.018,-0.098,-0.035,0.020,-0.209,-0.343,-0.160,0.165,-0.343,-0.149,-0.08630,0.20169,0.10847
mag,119103,-0.014,0.031,0.012,-0.041,0.014,0.014,-0.052,0.122,0.024,0.004,0.097,0.024,-0.031,-0.013,0.009,-0.091,-0.049,0.005,-0.196,-0.295,-0.152,0.142,-0.422,-0.211,-0.06067,0.16837,0.06674
mag,119155,-0.020,-0.015,0.008,-0.017,0.032,0.017,-0.028,0.103,0.022,0.024,0.098,0.032,-0.025,-0.008,0.021,-0.074,-0.040,0.020,-0.233,-0.234,-0.151,0.112,-0.452,-0.299,-0.05365,0.13777,0.04562
mag,119205,-0.014,0.010,0.010,-0.038,0.038,0.018,-0.032,0.078,0.026,-0.006,0.137,0.029,-0.032,-0.018,0.009,-0.048,-0.022,0.016,-0.210,-0.205,-0.091,0.032,-0.485,-0.291,-0.04218,0.12476,0.02894
mag,119259,-0.015,0.001,0.010,-0.028,0.010,0.018,-0.042,0.063,0.024,-0.003,0.109,0.037,-0.013,-0.008,0.003,-0.064,-0.027,0.015,-0.183,-0.153,-0.056,-0.068,-0.477,-0.253,-0.03163,0.11326,0.01803
mag,119305,-0.009,0.014,0.005,-0.006,0.030,0.013,-0.046,0.088,0.020,-0.017,0.125,0.040,-0.038,0.004,0.016,-0.011,-0.011,0.019,-0.151,-0.158,-0.043,-0.075,-0.424,-0.230,-0.02842,0.10640,0.01676
mag,119359,-0.011,0.000,0.005,-0.031,0.030,0.015,-0.033,0.089,0.008,-0.004,0.134,0.009,-0.015,-0.001,0.025,-0.049,-0.028,0.005,-0.141,-0.131,-0.047,-0.091,-0.353,-0.173,-0.02020,0.09814,0.02117
mag,119407,-0.008,0.005,0.006,-0.017,0.018,0.016,-0.070,0.090,-0.002,-0.016,0.147,-0.014,0.005,0.002,0.014,-0.056,0.003,0.018,-0.090,-0.100,-0.035,-0.055,-0.268,-0.131,-0.01480,0.09677,0.02654
mag,119454,-0.000,0.021,0.008,-0.034,0.010,0.011,-0.056,0.092,0.006,-0.026,0.155,0.000,-0.002,-0.019,0.009,-0.030,-0.005,0.010,-0.103,-0.116,-0.023,-0.061,-0.266,-0.121,-0.01009,0.09628,0.02306
mag,119506,0.007,0.001,0.004,-0.037,0.012,0.015,-0.074,0.082,-0.001,-0.056,0.195,-0.019,-0.005,-0.007,0.013,-0.031,-0.005,0.009,-0.084,-0.093,0.002,-0.062,-0.242,-0.064,-0.00225,0.08751,0.01161
mag,119558,-0.031,0.010,0.012,-0.023,0.012,0.019,-0.061,0.075,0.007,-0.058,0.195,-0.020,-0.006,-0.018,0.008,-0.019,-0.017,0.015,-0.074,-0.081,0.002,-0.052,-0.203,-0.050,0.00226,0.08487,0.01117
mag,119607,-0.023,-0.011,0.020,-0.045,0.007,0.015,-0.102,0.087,0.009,-0.087,0.245,-0.047,-0.005,-0.011,0.006,-0.035,-0.010,0.012,-0.063,-0.069,-0.004,-0.062,-0.159,-0.033,0.00725,0.08196,0.00942
mag,119660,-0.008,-0.003,0.015,-0.032,0.011,0.019,-0.109,0.084,0.005,-0.117,0.268,-0.070,-0.007,-0.009,0.005,-0.011,-0.014,0.005,-0.051,-0.064,0.014,-0.033,-0.153,-0.016,0.01224,0.07586,0.00674
mag,119706,-0.018,-0.025,0.010,-0.035,0.007,0.031,-0.100,0.072,0.009,-0.159,0.293,-0.086,-0.015,-0.014,0.010,-0.022,0.006,0.012,-0.029,-0.062,0.015,-0.015,-0.116,0.007,0.01608,0.07430,0.00203
mag,119755,-0.021,0.016,0.005,-0.051,0.034,0.013,-0.124,0.080,0.007,-0.189,0.353,-0.125,0.014,-0.003,0.010,-0.013,-0.008,0.000,-0.038,-0.044,0.010,-0.015,-0.095,0.018,0.01891,0.07401,0.00289
mag,119807,-0.005,0.022,0.011,-0.047,-0.000,0.022,-0.143,0.052,0.003,-0.328,0.375,-0.194,-0.008,0.002,0.013,-0.024,-0.009,0.004,-0.035,-0.050,0.022,-0.012,-0.086,0.020,0.02314,0.06606,-0.00084
mag,119856,-0.045,-0.008,0.026,-0.052,-0.010,0.018,-0.164,0.059,0.008,-0.366,0.351,-0.243,0.008,-0.007,0.018,-0.045,-0.008,0.014,-0.038,-0.039,0.016,-0.012,-0.096,0.024,0.02516,0.06047,-0.00179
mag,119905,-0.015,0.014,0.013,-0.028,-0.002,0.021,-0.168,0.043,-0.001,-0.393,0.345,-0.274,0.013,-0.005,0.014,-0.020,0.001,0.012,-0.027,-0.030,0.004,-0.028,-0.085,0.011,0.02560,0.05935,-0.00188
mag,119953,-0.016,0.026,0.002,-0.024,-0.012,0.021,-0.166,0.061,-0.017,-0.433,0.381,-0.317,0.015,-0.023,0.001,-0.014,-0.007,0.010,-0.028,-0.050,0.011,-0.007,-0.087,0.009,0.02762,0.05922,-0.00270
mag,120004,-0.012,-0.001,0.009,-0.045,0.010,0.025,-0.190,0.051,-0.008,-0.473,0.336,-0.399,-0.022,-0.002,0.006,-0.010,-0.028,0.013,-0.006,-0.038,0.015,-0.021,-0.068,0.016,0.03005,0.05756,-0.00115
mag,120057,-0.018,0.014,0.011,-0.026,-0.005,0.011,-0.213,0.046,-0.027,-0.501,0.313,-0.479,0.015,-0.003,0.005,-0.043,0.001,0.004,-0.047,-0.038,0.011,-0.034,-0.073,0.007,0.03371,0.05790,-0.00013
mag,120103,-0.014,0.003,0.008,-0.047,0.004,0.016,-0.220,0.045,-0.042,-0.469,0.263,-0.568,-0.010,-0.014,0.005,0.006,-0.027,0.011,-0.025,-0.062,0.016,-0.006,-0.054,0.010,0.03696,0.05766,0.00190
mag,120157,-0.013,0.003,-0.004,-0.057,-0.000,0.006,-0.254,0.041,-0.077,-0.423,0.223,-0.705,0.022,-0.007,0.020,0.004,-0.003,0.012,-0.023,-0.047,0.007,-0.007,-0.044,0.009,0.04185,0.05861,0.00447
mag,120203,-0.020,0.009,-0.003,-0.052,-0.006,0.013,-0.269,0.022,-0.067,-0.497,0.182,-0.867,-0.003,-0.014,-0.004,-0.029,-0.006,0.005,-0.007,-0.030,0.005,-0.023,-0.053,0.010,0.04469,0.05727,0.00236
mag,120253,-0.010,0.008,0.009,-0.046,-0.014,0.009,-0.317,-0.004,-0.083,-0.549,0.070,-1.080,-0.021,-0.007,0.013,0.010,-0.007,0.004,-0.010,-0.034,0.017,-0.015,-0.056,0.018,0.04799,0.05503,-0.00027
mag,120304,-0.006,-0.007,-0.006,-0.068,0.006,0.021,-0.358,-0.010,-0.112,-0.468,0.032,-1.326,-0.017,-0.023,0.003,-0.008,-0.021,0.013,0.001,-0.031,-0.000,0.005,-0.048,0.010,0.05457,0.05758,0.00055
mag,120354,-0.028,0.007,0.006,-0.077,-0.011,0.011,-0.381,-0.044,-0.173,-0.236,-0.060,-1.330,-0.001,-0.012,0.006,-0.032,-0.008,0.012,-0.025,-0.029,0.012,-0.024,-0.066,0.013,0.06160,0.05787,0.00431
mag,120403,-0.042,-0.005,0.010,-0.081,0.001,0.017,-0.406,-0.059,-0.234,-0.029,-0.147,-1.354,0.013,-0.021,0.009,-0.007,-0.031,0.012,-0.012,-0.036,0.017,-0.003,-0.055,0.012,0.06762,0.05866,0.00623
mag,120454,-0.022,0.014,0.012,-0.086,0.000,0.018,-0.524,-0.076,-0.334,0.223,-0.187,-1.426,-0.002,-0.013,0.011,-0.021,-0.025,0.011,-0.005,-0.028,0.013,-0.003,-0.036,0.013,0.07837,0.06167,0.00804
mag,120504,-0.028,0.005,0.012,-0.092,-0.017,0.012,-0.539,-0.124,-0.463,0.430,-0.233,-1.205,-0.002,0.001,0.002,0.002,-0.044,0.014,-0.002,-0.026,0.008,0.003,-0.029,0.022,0.08978,0.06087,0.01281
mag,120553,-0.035,-0.003,0.013,-0.133,-0.009,0.009,-0.514,-0.173,-0.635,0.536,-0.170,-0.885,-0.015,-0.008,-0.000,-0.013,-0.025,0.005,-0.005,-0.030,0.005,-0.005,-0.050,0.012,0.10321,0.06058,0.02021
mag,120603,-0.058,-0.002,0.014,-0.147,-0.032,-0.004,-0.494,-0.231,-0.870,0.609,-0.147,-0.650,-0.008,-0.005,0.003,-0.008,-0.035,0.008,-0.013,-0.050,0.010,0.013,-0.034,0.015,0.12368,0.06027,0.02639
mag,120654,-0.051,0.004,0.002,-0.191,-0.034,-0.021,-0.298,-0.275,-1.035,0.549,-0.099,-0.377,-0.003,-0.015,0.003,-0.012,-0.012,0.005,0.002,-0.029,0.016,0.009,-0.030,0.018,0.14085,0.05261,0.03615
mag,120709,-0.060,0.009,0.010,-0.233,-0.053,-0.073,0.017,-0.253,-1.119,0.425,-0.048,-0.195,-0.016,-0.006,0.003,-0.017,-0.037,0.008,0.013,-0.037,0.020,0.010,-0.025,0.012,0.16820,0.04204,0.05516
mag,120753,-0.090,0.002,0.004,-0.304,-0.048,-0.121,0.267,-0.230,-1.082,0.365,-0.048,-0.079,0.011,-0.007,0.002,-0.020,-0.050,0.008,0.006,-0.015,0.027,0.026,-0.014,0.004,0.19513,0.02852,0.06971
mag,120808,-0.117,0.009,0.005,-0.370,-0.043,-0.190,0.491,-0.171,-0.940,0.285,-0.026,-0.033,-0.008,-0.011,0.015,-0.005,-0.034,0.019,0.001,-0.048,0.010,0.010,-0.039,0.023,0.22404,0.00340,0.08129
mag,120857,-0.136,-0.005,-0.011,-0.446,-0.075,-0.323,0.581,-0.127,-0.672,0.221,-0.010,0.011,-0.013,-0.024,0.002,-0.011,-0.061,0.008,0.000,-0.023,0.006,0.022,-0.016,0.013,0.24326,-0.02699,0.09092
mag,120904,-0.166,-0.007,-0.021,-0.488,-0.096,-0.463,0.553,-0.078,-0.433,0.160,-0.025,0.029,0.002,-0.016,0.008,-0.010,-0.053,0.007,0.008,-0.022,0.015,0.006,-0.028,0.017,0.23535,-0.05074,0.08408
mag,120957,-0.218,-0.015,-0.053,-0.469,-0.137,-0.699,0.464,-0.053,-0.241,0.105,-0.004,0.037,-0.009,-0.034,0.004,0.015,-0.025,0.015,0.014,-0.057,0.014,0.015,-0.018,0.008,0.22546,-0.08310,0.07630
mag,121004,-0.280,-0.016,-0.079,-0.434,-0.172,-0.986,0.387,-0.039,-0.121,0.093,-0.006,0.039,-0.006,-0.027,0.004,-0.029,-0.046,0.012,0.014,-0.041,0.018,0.028,-0.017,0.008,0.21991,-0.10986,0.06709
mag,121057,-0.346,-0.012,-0.137,-0.260,-0.188,-1.228,0.313,-0.025,-0.037,0.044,-0.008,0.052,-0.029,-0.042,0.008,-0.007,-0.048,0.022,-0.010,-0.022,0.005,0.007,-0.014,0.008,0.20099,-0.12790,0.05324
mag,121104,-0.422,-0.045,-0.211,0.020,-0.214,-1.271,0.236,-0.005,-0.003,0.051,0.004,0.050,-0.011,-0.034,0.009,0.001,-0.037,0.019,0.021,-0.024,0.018,0.014,-0.022,0.010,0.17147,-0.13496,0.03774
mag,121156,-0.479,-0.042,-0.315,0.294,-0.193,-1.277,0.201,-0.017,0.018,0.037,-0.018,0.047,0.001,-0.042,0.015,0.015,-0.049,0.015,0.017,-0.013,0.018,0.012,-0.022,0.023,0.14590,-0.13981,0.02221
mag,121210,-0.513,-0.069,-0.466,0.470,-0.158,-1.010,0.152,0.001,0.028,0.049,-0.004,0.038,-0.012,-0.046,0.020,0.009,-0.041,0.022,0.012,-0.024,0.015,0.012,-0.009,0.011,0.11349,-0.12777,0.00808
mag,121253,-0.481,-0.090,-0.630,0.515,-0.130,-0.710,0.110,-0.004,0.039,0.028,-0.021,0.029,0.006,-0.040,0.008,0.008,-0.021,0.029,0.001,-0.015,0.018,0.017,-0.036,0.006,0.08725,-0.11457,-0.00071
mag,121310,-0.423,-0.088,-0.875,0.547,-0.066,-0.496,0.106,-0.009,0.037,0.014,-0.011,0.029,0.006,-0.037,0.021,0.013,-0.048,0.010,0.018,-0.031,0.017,0.009,-0.029,0.010,0.06776,-0.10687,-0.01013
mag,121356,-0.338,-0.137,-0.998,0.517,-0.081,-0.351,0.076,0.007,0.046,0.008,0.001,0.030,0.008,-0.044,0.005,0.016,-0.029,0.013,0.033,-0.006,0.015,-0.005,-0.027,0.002,0.05548,-0.09773,-0.01508
mag,121405,-0.212,-0.052,-1.081,0.474,-0.033,-0.271,0.060,0.013,0.040,0.007,-0.006,0.027,0.017,-0.053,0.001,0.016,-0.029,0.018,0.003,-0.038,0.021,-0.003,-0.018,0.003,0.04667,-0.09479,-0.01643
mag,121453,-0.117,0.022,-1.041,0.412,0.013,-0.221,0.044,0.000,0.039,0.026,-0.029,0.028,-0.004,-0.033,0.000,0.006,-0.048,0.025,0.027,0.014,0.015,-0.014,-0.012,-0.004,0.04067,-0.09434,-0.01553
mag,121503,-0.070,0.132,-0.992,0.409,0.047,-0.207,0.072,-0.011,0.013,0.003,-0.031,0.035,0.004,-0.054,0.027,0.062,-0.039,0.018,0.007,-0.013,0.018,-0.005,0.007,-0.011,0.03865,-0.09867,-0.01358
mag,121559,-0.075,0.294,-0.923,0.382,0.109,-0.180,0.056,0.011,0.026,0.018,-0.008,0.024,0.019,-0.043,0.012,0.045,-0.053,0.023,0.016,-0.002,0.021,-0.026,-0.003,0.001,0.03536,-0.10880,-0.01263
mag,121607,-0.109,0.386,-0.832,0.391,0.145,-0.205,0.056,0.017,0.034,0.009,-0.006,0.027,0.006,-0.088,0.015,0.030,-0.018,0.016,0.033,-0.019,0.029,-0.016,-0.022,0.005,0.03632,-0.12444,-0.00936
mag,121655,-0.147,0.443,-0.644,0.363,0.201,-0.193,0.064,0.019,0.035,0.023,-0.004,0.029,0.014,-0.061,0.010,0.010,-0.040,0.020,0.027,-0.014,0.020,0.012,0.008,0.009,0.03443,-0.14141,-0.00116
mag,121703,-0.122,0.446,-0.434,0.305,0.226,-0.153,0.049,0.027,0.034,0.021,-0.005,0.027,0.012,-0.094,-0.002,0.034,-0.058,0.012,0.033,-0.010,0.013,0.023,0.003,0.015,0.02368,-0.16571,0.01193
mag,121754,-0.123,0.378,-0.311,0.260,0.247,-0.153,0.062,0.024,0.038,0.001,0.000,0.030,0.006,-0.085,0.002,0.058,-0.084,0.002,0.038,-0.022,0.024,0.006,-0.006,0.017,0.01902,-0.18448,0.03120
mag,121807,-0.169,0.335,-0.209,0.255,0.316,-0.204,0.055,0.028,0.025,0.032,-0.021,0.030,-0.037,-0.083,-0.018,0.022,-0.106,0.002,0.040,-0.022,0.024,0.014,-0.001,0.021,0.02391,-0.23217,0.07807
mag,121855,-0.208,0.270,-0.154,0.169,0.400,-0.280,0.099,0.063,0.033,0.028,-0.013,0.035,-0.032,-0.115,0.005,0.034,-0.105,0.001,0.014,-0.020,0.021,0.018,-0.020,0.015,0.04797,-0.27707,0.14609
mag,121908,-0.195,0.182,-0.082,0.054,0.467,-0.331,0.136,0.073,0.024,0.025,0.008,0.037,-0.029,-0.093,-0.000,-0.010,-0.102,0.003,0.054,-0.036,0.015,0.021,-0.007,0.017,0.08538,-0.31533,0.23619
mag,121954,-0.212,0.145,-0.041,-0.099,0.503,-0.355,0.197,0.129,-0.003,0.048,0.009,0.042,-0.025,-0.082,0.007,-0.018,-0.114,0.006,0.036,-0.079,0.019,0.038,-0.011,0.027,0.19494,-0.32304,0.42628
mag,122007,-0.141,0.090,-0.012,-0.231,0.449,-0.304,0.275,0.209,-0.068,0.084,0.029,0.053,-0.035,-0.061,0.012,-0.019,-0.098,0.019,0.039,-0.086,0.021,0.024,-0.019,0.027,0.31847,-0.21563,0.57786
mag,122053,-0.133,0.058,0.014,-0.298,0.306,-0.200,0.322,0.366,-0.209,0.134,0.054,0.042,-0.023,-0.045,0.001,-0.038,-0.089,0.007,0.038,-0.089,0.021,0.019,-0.026,0.027,0.37559,-0.03080,0.57531
mag,122103,-0.101,0.028,0.013,-0.257,0.191,-0.107,0.298,0.492,-0.382,0.198,0.092,0.031,-0.013,-0.039,0.010,-0.029,-0.056,0.010,0.035,-0.103,0.009,0.030,-0.046,0.023,0.33189,0.13014,0.46022
mag,122158,-0.079,0.012,0.017,-0.195,0.113,-0.044,0.104,0.592,-0.501,0.246,0.154,-0.020,-0.018,-0.029,0.017,-0.022,-0.080,0.008,0.002,-0.096,0.020,0.022,-0.061,0.023,0.25719,0.19820,0.32747
mag,122207,-0.065,0.020,0.020,-0.162,0.076,-0.018,-0.094,0.570,-0.537,0.315,0.248,-0.117,-0.009,-0.011,0.005,-0.011,-0.045,0.011,-0.006,-0.103,0.020,0.048,-0.064,0.020,0.19156,0.20229,0.20781
mag,122254,-0.046,0.013,0.007,-0.125,0.046,0.004,-0.274,0.494,-0.427,0.350,0.376,-0.242,-0.001,-0.013,0.022,-0.019,-0.045,0.015,-0.017,-0.089,0.007,0.025,-0.078,0.018,0.14046,0.19152,0.13073
mag,122304,-0.014,0.019,0.025,-0.093,0.041,0.010,-0.352,0.373,-0.247,0.250,0.548,-0.393,-0.044,-0.014,0.007,-0.005,-0.009,0.012,-0.031,-0.082,0.018,0.007,-0.100,0.017,0.09471,0.16233,0.07162
mag,122355,-0.022,0.001,0.025,-0.065,0.051,0.025,-0.301,0.290,-0.136,0.100,0.631,-0.408,0.002,-0.004,0.014,-0.023,0.003,0.013,-0.033,-0.069,0.015,-0.012,-0.135,0.004,0.06692,0.14426,0.04292
mag,122405,-0.033,-0.008,0.014,-0.061,0.005,0.007,-0.260,0.261,-0.112,0.071,0.587,-0.369,0.021,-0.000,0.012,-0.039,-0.022,0.007,-0.033,-0.092,0.013,0.001,-0.101,0.022,0.06203,0.14083,0.04291
mag,122455,-0.033,-0.009,0.010,-0.034,0.017,0.020,-0.208,0.188,-0.068,-0.036,0.504,-0.244,-0.031,-0.005,0.000,-0.028,-0.016,0.009,-0.045,-0.091,0.005,-0.005,-0.094,-0.004,0.04331,0.12767,0.03348
mag,122507,-0.020,0.001,0.015,-0.062,0.026,0.014,-0.182,0.173,-0.046,-0.011,0.456,-0.191,-0.002,-0.012,0.009,-0.031,-0.022,0.017,-0.038,-0.102,0.010,0.003,-0.140,-0.002,0.03669,0.12986,0.03704
mag,122553,-0.019,0.011,0.020,-0.048,0.014,0.019,-0.181,0.241,-0.059,0.015,0.420,-0.173,-0.011,-0.002,0.014,-0.035,-0.032,-0.001,-0.041,-0.093,-0.011,0.003,-0.159,0.000,0.03668,0.14050,0.04490
mag,122607,-0.024,0.007,0.014,-0.043,0.035,0.016,-0.178,0.243,-0.080,0.086,0.398,-0.127,-0.009,-0.006,0.011,-0.055,-0.033,0.004,-0.038,-0.113,-0.009,0.024,-0.148,-0.003,0.04150,0.16494,0.06890
mag,122654,-0.049,0.024,0.009,-0.061,0.050,0.006,-0.096,0.277,-0.100,0.106,0.280,-0.084,-0.026,-0.010,0.009,-0.030,-0.056,-0.006,-0.034,-0.110,-0.022,0.036,-0.132,-0.003,0.04613,0.20083,0.13026
mag,122710,-0.016,0.016,0.010,-0.067,0.053,0.003,-0.065,0.292,-0.118,0.117,0.198,-0.035,-0.021,-0.026,-0.002,-0.062,-0.037,0.007,-0.026,-0.160,-0.026,0.073,-0.119,-0.008,0.04556,0.22838,0.19967
mag,122757,-0.047,0.040,0.017,-0.103,0.098,0.006,-0.038,0.343,-0.113,0.132,0.168,0.007,-0.027,-0.024,0.011,-0.047,-0.062,-0.003,-0.006,-0.174,-0.027,0.059,-0.130,-0.003,0.05183,0.26790,0.30585
mag,122805,-0.046,0.029,0.015,-0.124,0.098,0.003,0.047,0.378,-0.102,0.136,0.137,0.022,-0.032,-0.029,0.011,-0.070,-0.078,0.000,0.023,-0.175,-0.027,0.060,-0.097,0.015,0.06034,0.29294,0.41829
mag,122858,-0.054,0.019,0.017,-0.126,0.147,-0.006,0.098,0.361,-0.081,0.112,0.090,0.042,-0.033,-0.022,0.008,-0.069,-0.090,-0.001,0.030,-0.176,-0.012,0.072,-0.074,0.028,0.07696,0.29261,0.61641
mag,122905,-0.087,0.035,0.017,-0.117,0.160,-0.022,0.132,0.352,-0.094,0.108,0.083,0.040,-0.034,-0.031,0.025,-0.061,-0.090,0.007,0.043,-0.161,0.006,0.053,-0.066,0.025,0.10337,0.26840,0.67840
mag,122954,-0.100,0.064,0.007,-0.117,0.264,-0.079,0.161,0.214,-0.033,0.074,0.042,0.045,-0.042,-0.063,0.010,-0.052,-0.137,-0.004,0.072,-0.127,-0.004,0.056,-0.040,0.032,0.07340,-0.00931,0.82297
mag,123007,-0.108,0.090,0.008,-0.098,0.291,-0.099,0.162,0.156,-0.012,0.079,0.040,0.035,-0.036,-0.049,0.004,-0.041,-0.151,-0.016,0.085,-0.113,0.016,0.047,-0.032,0.017,0.03547,-0.17709,0.70115
mag,123058,-0.086,0.103,0.004,-0.033,0.270,-0.081,0.124,0.141,0.012,0.042,0.028,0.043,-0.068,-0.076,-0.006,-0.021,-0.176,-0.041,0.088,-0.111,0.017,0.035,-0.019,0.027,-0.08011,-0.27145,0.55449
mag,123107,-0.063,0.114,-0.002,0.025,0.251,-0.057,0.093,0.083,0.029,0.021,0.025,0.037,-0.071,-0.128,-0.009,0.006,-0.211,-0.065,0.097,-0.065,0.014,0.040,-0.038,0.024,-0.14265,-0.29277,0.37739
mag,123154,-0.052,0.116,-0.009,0.041,0.207,-0.014,0.059,0.047,0.034,0.027,0.016,0.017,-0.066,-0.165,-0.048,0.031,-0.266,-0.119,0.117,-0.045,0.015,0.012,-0.039,0.025,-0.17311,-0.26085,0.22747
mag,123204,-0.045,0.104,0.002,0.042,0.106,0.013,0.046,0.052,0.025,-0.004,0.014,0.016,-0.133,-0.194,-0.114,0.072,-0.313,-0.180,0.114,-0.048,0.010,0.043,-0.006,0.018,-0.16575,-0.19740,0.11435
mag,123255,-0.020,0.081,0.006,0.039,0.095,0.030,0.032,0.042,0.029,0.017,0.016,0.026,-0.170,-0.228,-0.167,0.149,-0.357,-0.265,0.115,-0.058,0.022,0.043,-0.012,0.027,-0.16673,-0.16183,0.07472
mag,123304,-0.005,0.071,0.018,0.018,0.107,0.020,0.031,0.034,0.027,0.007,0.012,0.022,-0.210,-0.219,-0.182,0.138,-0.406,-0.377,0.142,-0.035,0.010,0.042,-0.015,0.029,-0.18110,-0.14067,0.07095
mag,123354,-0.032,0.066,0.024,0.023,0.109,0.026,0.031,0.003,0.027,0.003,0.003,0.021,-0.252,-0.176,-0.167,0.056,-0.444,-0.502,0.203,-0.064,0.000,0.058,-0.037,0.021,-0.20858,-0.12273,0.08850
mag,123403,-0.027,0.032,0.015,0.015,0.089,0.024,0.030,0.047,0.034,0.012,0.012,0.026,-0.198,-0.124,-0.096,-0.084,-0.438,-0.488,0.250,-0.099,-0.052,0.064,0.002,0.018,-0.24925,-0.10355,0.12872
mag,123453,-0.032,0.066,0.001,0.002,0.086,0.033,0.008,0.062,0.028,0.019,-0.011,0.029,-0.197,-0.089,-0.044,-0.276,-0.406,-0.435,0.353,-0.173,-0.145,0.089,-0.027,0.036,-0.29898,-0.04908,0.16627
mag,123504,-0.011,0.031,0.019,-0.007,0.091,0.029,0.013,0.057,0.035,0.012,0.017,0.036,-0.124,-0.055,-0.016,-0.341,-0.292,-0.298,0.387,-0.295,-0.269,0.122,-0.049,0.023,-0.31979,0.01532,0.19394
mag,123554,-0.036,0.050,0.018,-0.015,0.067,0.022,0.030,0.060,0.030,0.003,0.030,0.036,-0.108,-0.052,0.005,-0.325,-0.213,-0.182,0.337,-0.418,-0.402,0.194,-0.080,0.021,-0.31195,0.08684,0.21036
mag,123605,-0.016,0.013,0.010,-0.011,0.068,0.023,0.026,0.087,0.032,0.037,0.035,0.038,-0.084,-0.040,0.016,-0.252,-0.107,-0.099,0.206,-0.524,-0.506,0.242,-0.125,-0.023,-0.26882,0.13989,0.20254
mag,123659,-0.015,0.030,0.023,-0.035,0.074,0.018,-0.001,0.091,0.029,0.017,0.048,0.029,-0.051,-0.006,0.017,-0.194,-0.095,-0.058,0.054,-0.471,-0.509,0.243,-0.152,-0.082,-0.20472,0.15910,0.17277
mag,123705,-0.009,0.021,0.020,-0.024,0.049,0.020,0.002,0.122,0.019,0.027,0.044,0.033,-0.045,-0.025,0.010,-0.161,-0.046,-0.029,-0.069,-0.408,-0.436,0.257,-0.172,-0.131,-0.15701,0.16264,0.14654
mag,123753,-0.010,0.018,0.014,-0.037,0.046,0.012,-0.013,0.076,0.022,0.013,0.074,0.037,-0.036,-0.014,0.007,-0.124,-0.045,-0.016,-0.167,-0.365,-0.389,0.268,-0.240,-0.186,-0.12029,0.14971,0.11003
mag,123804,-0.039,0.020,0.008,-0.016,0.014,0.018,-0.004,0.082,0.027,0.017,0.077,0.028,-0.047,-0.020,0.021,-0.103,-0.012,-0.011,-0.228,-0.333,-0.405,0.302,-0.313,-0.327,-0.09994,0.13353,0.07069
mag,123855,-0.007,0.013,0.008,-0.012,0.014,0.021,-0.011,0.068,0.029,0.016,0.073,0.031,-0.033,-0.006,0.001,-0.113,-0.012,0.002,-0.335,-0.294,-0.403,0.314,-0.353,-0.483,-0.08707,0.11481,0.04605
mag,123905,-0.027,0.003,0.007,-0.013,0.012,0.010,-0.007,0.050,0.024,0.010,0.033,0.029,-0.038,-0.016,0.024,-0.080,-0.021,0.003,-0.375,-0.215,-0.373,0.278,-0.425,-0.686,-0.07486,0.09823,0.02774
mag,123954,-0.014,0.008,0.009,-0.029,0.029,0.026,-0.015,0.052,0.024,-0.003,0.026,0.031,-0.053,-0.021,0.012,-0.106,-0.019,0.004,-0.453,-0.142,-0.397,0.331,-0.368,-0.910,-0.07046,0.08314,0.01532
mag,124004,-0.009,0.013,0.007,-0.006,0.026,0.011,0.016,0.053,0.031,0.009,0.031,0.035,-0.038,-0.004,0.010,-0.108,0.005,-0.001,-0.474,-0.104,-0.528,0.422,-0.229,-0.930,-0.07385,0.07624,0.01366
mag,124053,-0.027,0.002,0.010,-0.002,0.021,0.014,0.014,0.042,0.020,0.004,0.007,0.028,-0.036,-0.017,0.018,-0.125,-0.003,0.002,-0.518,-0.063,-0.682,0.548,-0.121,-0.852,-0.07936,0.07168,0.01274
mag,124104,-0.019,0.008,0.012,0.007,0.017,0.021,0.006,0.030,0.014,0.030,0.022,0.020,-0.043,-0.017,0.010,-0.148,-0.023,-0.000,-0.566,-0.006,-0.842,0.617,-0.077,-0.781,-0.08541,0.06926,0.01067
mag,124153,-0.018,0.003,0.013,0.005,0.043,0.021,0.007,0.045,0.032,0.021,0.028,0.031,-0.031,-0.010,0.008,-0.162,0.001,-0.013,-0.580,-0.032,-0.981,0.653,-0.078,-0.689,-0.09265,0.07113,0.01144
mag,124203,-0.007,0.008,0.012,0.033,0.021,0.011,0.012,0.042,0.019,0.006,0.016,0.034,-0.040,0.013,0.003,-0.179,0.014,-0.010,-0.546,-0.004,-1.141,0.655,-0.023,-0.564,-0.09783,0.06878,0.01078
mag,124255,-0.015,0.003,0.003,-0.004,0.026,0.022,-0.011,0.040,0.024,-0.009,0.028,0.031,-0.058,-0.012,0.017,-0.207,-0.004,-0.012,-0.533,0.058,-1.273,0.670,0.001,-0.494,-0.10213,0.06627,0.00905
mag,124304,-0.015,-0.004,0.012,0.018,0.018,0.038,0.015,0.040,0.028,-0.003,0.026,0.039,-0.040,0.000,0.005,-0.230,-0.001,-0.048,-0.337,-0.060,-1.336,0.586,-0.027,-0.343,-0.10912,0.06756,0.01494
mag,124354,-0.004,0.006,0.010,-0.010,0.033,0.013,-0.001,0.060,0.036,0.018,0.023,0.036,-0.048,0.013,0.014,-0.233,0.017,-0.058,-0.168,-0.027,-1.393,0.515,-0.040,-0.268,-0.12358,0.06659,0.02126
mag,124405,-0.013,0.004,0.014,-0.012,0.033,0.001,-0.004,0.046,0.024,-0.009,0.021,0.026,-0.054,0.001,0.010,-0.253,0.008,-0.078,-0.038,0.017,-1.281,0.450,0.000,-0.181,-0.12665,0.06269,0.02512
mag,124454,-0.012,0.011,0.023,-0.005,0.028,0.015,0.013,0.034,0.018,0.014,0.017,0.013,-0.097,0.005,-0.004,-0.305,-0.002,-0.128,0.188,0.044,-1.256,0.365,0.023,-0.103,-0.13408,0.05217,0.02497
mag,124503,-0.018,0.015,0.009,0.018,0.042,0.034,0.005,0.037,0.033,0.005,0.010,0.031,-0.114,-0.015,-0.003,-0.382,0.026,-0.173,0.434,0.075,-1.180,0.321,0.024,-0.059,-0.14349,0.04474,0.02264
mag,124554,-0.018,0.020,0.027,0.003,0.027,0.021,0.012,0.040,0.022,0.030,0.028,0.025,-0.133,0.012,-0.011,-0.422,0.032,-0.308,0.524,0.132,-0.827,0.218,0.004,-0.003,-0.14240,0.02699,0.01963
mag,124603,-0.003,0.025,0.015,-0.006,0.022,0.013,0.035,0.021,0.020,0.016,0.001,0.028,-0.143,0.019,-0.018,-0.466,0.060,-0.418,0.546,0.116,-0.578,0.179,0.011,0.009,-0.14079,0.01385,0.01589
mag,124655,-0.009,0.031,0.021,0.007,0.034,0.019,0.007,0.027,0.023,0.018,0.015,0.017,-0.186,0.015,-0.031,-0.550,0.101,-0.589,0.575,0.138,-0.428,0.153,0.002,0.026,-0.14014,0.00333,0.00623
mag,124710,-0.006,0.011,0.014,-0.018,0.016,0.022,0.015,0.030,0.023,0.005,0.014,0.010,-0.233,0.025,-0.050,-0.534,0.177,-0.810,0.515,0.108,-0.252,0.110,0.008,0.038,-0.13426,-0.00782,-0.00021
mag,124756,-0.011,0.020,0.023,0.015,0.041,0.026,-0.005,0.018,0.024,0.025,0.009,0.021,-0.269,0.037,-0.100,-0.415,0.171,-0.988,0.413,0.083,-0.141,0.102,-0.001,0.045,-0.12875,-0.01620,-0.00162
mag,124812,-0.011,0.020,0.017,0.009,0.030,0.027,0.023,0.005,0.028,0.007,0.024,0.024,-0.337,0.038,-0.157,-0.244,0.168,-1.112,0.338,0.056,-0.066,0.070,-0.004,0.038,-0.12480,-0.02582,-0.00320
mag,124854,0.003,0.024,0.019,0.011,0.024,0.025,0.012,0.016,0.024,-0.008,0.020,0.013,-0.407,0.030,-0.214,-0.130,0.178,-1.317,0.297,0.043,-0.025,0.045,0.028,0.040,-0.12043,-0.03217,-0.01158
mag,124905,-0.005,0.027,0.018,0.013,0.019,0.026,-0.005,0.004,0.032,-0.010,0.003,0.016,-0.426,0.033,-0.225,-0.074,0.157,-1.375,0.292,0.040,-0.019,0.052,0.001,0.042,-0.12084,-0.03357,-0.01361
mag,124953,-0.003,0.026,0.030,-0.011,0.052,0.037,0.022,0.027,0.031,-0.004,-0.011,0.019,-0.488,0.025,-0.355,0.217,0.103,-1.387,0.199,0.049,0.017,0.043,-0.003,0.043,-0.11199,-0.03977,-0.01920
mag,125003,-0.021,0.017,0.026,0.002,0.040,0.030,0.007,-0.005,0.018,0.001,-0.014,0.019,-0.482,0.029,-0.393,0.282,0.100,-1.260,0.223,0.032,0.026,0.045,0.011,0.038,-0.10715,-0.03959,-0.01818
mag,125058,-0.011,0.016,0.023,0.015,0.034,0.019,0.017,0.014,0.017,-0.000,-0.003,0.022,-0.425,0.038,-0.404,0.258,0.133,-1.032,0.180,0.030,0.016,0.045,0.014,0.034,-0.09955,-0.03823,-0.01352
mag,125106,-0.008,0.028,0.019,0.012,0.004,0.026,0.015,0.021,0.016,-0.001,-0.008,0.021,-0.435,0.064,-0.470,0.364,0.137,-0.952,0.167,0.024,0.023,0.058,0.004,0.032,-0.08958,-0.03777,-0.01717
mag,125153,-0.012,0.047,0.014,0.010,0.016,0.032,0.013,0.028,0.024,0.003,0.017,0.023,-0.468,0.055,-0.452,0.347,0.137,-1.073,0.196,0.033,0.022,0.029,0.012,0.040,-0.09495,-0.03849,-0.01859
mag,125206,-0.007,0.010,0.029,0.033,0.032,0.037,-0.015,0.011,0.020,0.017,-0.006,0.026,-0.491,0.051,-0.452,0.384,0.154,-1.090,0.191,0.018,0.027,0.049,-0.011,0.043,-0.09347,-0.03871,-0.01975
mag,125259,-0.014,0.032,0.017,0.000,0.017,0.022,0.010,-0.002,0.017,-0.012,-0.002,0.021,-0.482,0.083,-0.459,0.355,0.248,-1.071,0.184,0.033,0.030,0.050,0.001,0.036,-0.08831,-0.03553,-0.02309
mag,125306,-0.001,0.003,0.016,0.006,0.017,0.026,0.008,-0.005,0.028,-0.006,-0.011,0.022,-0.478,0.113,-0.396,0.275,0.334,-1.175,0.206,0.034,0.034,0.054,0.002,0.039,-0.08816,-0.03265,-0.02475
mag,125353,-0.006,0.033,0.029,0.012,0.028,0.032,-0.006,0.002,0.022,0.023,-0.004,0.021,-0.453,0.094,-0.322,0.162,0.376,-1.262,0.222,0.050,0.022,0.058,0.015,0.035,-0.09335,-0.03190,-0.02433
mag,125405,0.010,0.009,0.022,0.009,0.022,0.033,0.010,-0.000,0.017,0.001,0.006,0.019,-0.436,0.092,-0.251,-0.025,0.343,-1.323,0.265,0.065,0.015,0.050,0.000,0.047,-0.10129,-0.02965,-0.02285
mag,125454,-0.014,0.022,0.028,0.009,0.027,0.031,0.000,0.024,0.019,-0.002,-0.001,0.016,-0.373,0.048,-0.198,-0.159,0.286,-1.301,0.297,0.076,-0.024,0.054,0.034,0.038,-0.11035,-0.02980,-0.01935
mag,125505,-0.008,0.027,0.018,0.014,0.034,0.030,0.035,0.024,0.019,-0.022,-0.027,0.027,-0.355,0.067,-0.133,-0.333,0.202,-1.254,0.348,0.066,-0.048,0.080,0.004,0.053,-0.12467,-0.02864,-0.01330
mag,125554,0.009,-0.005,0.028,0.024,0.032,0.019,0.014,0.020,0.024,-0.005,-0.023,0.027,-0.308,0.014,-0.110,-0.505,0.157,-1.153,0.415,0.033,-0.113,0.101,0.029,0.061,-0.13596,-0.02398,-0.00950
mag,125604,0.004,0.027,0.028,0.006,0.064,0.027,0.021,-0.007,0.022,0.017,-0.002,0.026,-0.286,0.013,-0.088,-0.501,0.147,-1.092,0.429,0.058,-0.126,0.081,-0.015,0.037,-0.13818,-0.02337,-0.00759
mag,125653,0.014,0.016,0.031,0.008,0.054,0.036,0.009,0.028,0.034,0.002,-0.016,0.028,-0.235,0.023,-0.069,-0.593,0.112,-0.841,0.550,0.076,-0.256,0.113,-0.012,0.033,-0.14722,-0.01323,-0.00098
mag,125707,-0.015,0.010,0.009,0.016,0.006,0.030,0.009,0.012,0.026,0.003,-0.002,0.032,-0.192,0.019,-0.040,-0.564,0.039,-0.623,0.617,0.075,-0.410,0.146,0.021,0.055,-0.15614,-0.00235,0.00885
mag,125757,-0.006,0.012,0.019,0.011,0.029,0.024,0.015,0.019,0.030,-0.018,0.016,0.035,-0.165,-0.002,-0.023,-0.569,0.050,-0.477,0.662,0.088,-0.622,0.205,0.020,0.044,-0.15817,0.00868,0.01216
mag,125803,-0.014,0.012,0.026,0.004,0.047,0.022,0.031,0.024,0.037,-0.023,0.021,0.014,-0.151,0.002,-0.013,-0.520,0.033,-0.362,0.668,0.099,-0.777,0.244,0.046,0.030,-0.15589,0.01759,0.01437
mag,125855,-0.026,0.012,0.022,0.003,0.033,0.018,0.004,0.022,0.022,-0.001,0.016,0.022,-0.112,0.002,-0.013,-0.425,0.033,-0.265,0.563,0.148,-0.963,0.256,0.035,0.009,-0.14387,0.02483,0.01460
mag,125903,-0.002,-0.008,0.013,0.007,0.025,0.021,-0.001,0.016,0.036,0.014,0.027,0.030,-0.102,-0.002,-0.002,-0.360,0.027,-0.185,0.443,0.196,-1.190,0.323,0.014,-0.021,-0.13604,0.03313,0.01420
mag,125955,-0.001,-0.005,0.015,-0.017,0.025,0.011,0.006,0.038,0.029,0.004,0.008,0.026,-0.098,0.002,0.001,-0.319,0.024,-0.129,0.237,0.142,-1.303,0.411,0.029,-0.083,-0.13021,0.04224,0.01973
mag,126003,-0.001,0.003,0.015,-0.007,0.027,0.020,0.012,0.023,0.029,0.023,0.034,0.028,-0.075,-0.020,0.015,-0.246,0.008,-0.074,-0.074,0.049,-1.421,0.502,-0.003,-0.179,-0.12869,0.05790,0.02363
mag,126053,-0.013,0.011,0.020,-0.013,0.023,0.027,0.009,0.026,0.018,0.037,0.017,0.024,-0.070,0.003,0.014,-0.204,0.034,-0.060,-0.258,0.190,-1.217,0.572,0.055,-0.309,-0.10497,0.05227,0.01634
mag,126104,-0.012,0.013,0.011,-0.015,0.016,0.019,-0.029,0.041,0.027,-0.004,0.021,0.029,-0.037,-0.003,0.025,-0.187,0.006,-0.037,-0.453,0.071,-1.143,0.649,0.024,-0.490,-0.09826,0.06101,0.01848
mag,126154,-0.013,0.005,0.005,-0.013,0.005,0.016,-0.003,0.031,0.028,0.010,0.013,0.033,-0.060,0.009,0.007,-0.181,-0.002,-0.032,-0.461,0.147,-1.044,0.653,0.053,-0.532,-0.09290,0.05866,0.01905
mag,126204,-0.008,-0.006,0.001,0.007,0.030,0.013,0.005,0.035,0.012,0.007,0.014,0.019,-0.047,0.001,0.010,-0.148,0.019,-0.034,-0.405,0.295,-0.835,0.581,0.189,-0.538,-0.07841,0.04716,0.01262
mag,126253,-0.012,0.019,0.009,-0.025,0.009,0.015,0.006,0.052,0.020,0.003,0.027,0.021,-0.055,-0.010,0.000,-0.147,-0.002,-0.020,-0.427,0.223,-0.736,0.542,0.163,-0.626,-0.07428,0.04866,0.01645
mag,126304,-0.015,0.009,0.011,-0.003,0.025,0.011,0.012,0.021,0.009,0.009,0.033,0.013,-0.043,-0.031,-0.002,-0.120,0.005,-0.017,-0.424,0.193,-0.619,0.503,0.189,-0.718,-0.06725,0.05117,0.01763
mag,126353,-0.015,-0.001,0.007,-0.025,0.004,0.011,0.009,0.032,0.010,0.007,0.039,0.019,-0.036,-0.013,0.006,-0.129,-0.011,-0.019,-0.443,0.188,-0.520,0.452,0.240,-0.909,-0.06110,0.05194,0.01633
mag,126403,-0.020,0.011,0.007,-0.018,0.015,0.016,-0.001,0.038,0.008,0.010,0.048,0.019,-0.028,-0.025,0.006,-0.104,-0.012,-0.006,-0.481,0.044,-0.386,0.301,0.086,-1.312,-0.05577,0.06109,0.01747
mag,126453,-0.029,0.011,0.011,-0.013,0.021,0.007,0.012,0.049,0.001,0.011,0.043,0.013,-0.043,-0.030,0.006,-0.072,-0.019,0.010,-0.452,0.042,-0.281,0.079,0.176,-1.475,-0.04893,0.05776,0.01233
mag,126504,-0.006,0.001,0.008,-0.038,0.010,0.005,0.005,0.041,0.004,0.007,0.034,0.016,-0.032,-0.003,0.011,-0.088,-0.006,0.003,-0.398,0.065,-0.209,-0.103,0.264,-1.544,-0.04364,0.05324,0.00865
mag,126555,-0.021,0.001,0.006,-0.017,0.018,0.008,-0.003,0.037,0.012,-0.010,0.033,0.014,-0.033,-0.007,0.009,-0.074,-0.009,0.004,-0.360,0.028,-0.157,-0.347,0.194,-1.459,-0.03851,0.05131,0.00702
mag,126605,-0.003,0.028,0.007,-0.015,0.028,0.002,-0.021,0.030,0.009,0.008,0.039,0.004,-0.034,-0.005,0.005,-0.086,0.001,-0.000,-0.329,0.051,-0.111,-0.467,0.358,-1.248,-0.03462,0.04532,0.00444
mag,126655,0.003,0.007,0.001,-0.010,0.016,0.011,0.015,0.031,0.006,-0.003,0.018,0.016,-0.025,-0.007,-0.004,-0.059,0.013,0.009,-0.241,0.074,-0.095,-0.331,0.390,-0.804,-0.03041,0.03657,0.00289
mag,126705,-0.020,-0.006,0.003,-0.006,0.021,0.010,-0.001,0.027,0.002,-0.004,0.035,0.015,-0.025,-0.006,-0.001,-0.043,0.002,0.010,-0.186,0.058,-0.084,-0.288,0.176,-0.625,-0.02744,0.03653,0.00659
mag,126754,-0.008,0.002,0.004,-0.022,0.025,0.004,-0.019,0.029,-0.001,-0.002,0.034,0.007,-0.012,0.000,-0.004,-0.052,0.011,-0.005,-0.171,0.018,-0.072,-0.266,0.106,-0.499,-0.02405,0.03573,0.00612
mag,126803,0.002,-0.044,0.012,-0.007,-0.001,0.008,-0.016,0.036,0.001,0.007,0.044,0.009,-0.008,0.016,-0.003,-0.034,0.018,0.004,-0.144,0.054,-0.063,-0.283,0.078,-0.420,-0.02202,0.03349,0.00692
mag,126854,-0.024,0.009,0.003,0.016,0.021,0.003,-0.012,0.034,-0.003,-0.008,0.040,0.022,-0.001,-0.029,0.008,-0.021,0.009,0.000,-0.134,0.004,-0.037,-0.209,0.051,-0.331,-0.01959,0.03169,0.00802
mag,126903,-0.010,-0.006,-0.012,0.013,0.015,-0.008,-0.009,0.049,0.001,-0.014,0.014,0.013,0.006,-0.001,0.011,-0.037,-0.017,-0.011,-0.108,0.018,-0.044,-0.211,0.052,-0.287,-0.01731,0.03123,0.00771
mag,126955,-0.009,0.001,0.014,-0.011,0.051,0.009,-0.011,0.039,0.001,-0.007,0.041,-0.002,-0.019,-0.004,0.007,-0.035,-0.016,-0.002,-0.111,0.017,-0.057,-0.174,0.037,-0.290,-0.01827,0.03231,0.00837
mag,127003,-0.016,-0.002,0.008,0.003,0.016,0.012,0.002,0.037,-0.011,0.013,0.036,0.003,-0.030,-0.009,0.004,-0.040,-0.027,-0.009,-0.131,0.020,-0.061,-0.230,0.053,-0.364,-0.01992,0.03289,0.00778
mag,127054,0.006,-0.001,0.010,-0.016,0.026,0.006,-0.009,0.025,0.003,-0.019,0.044,-0.007,-0.021,-0.006,0.007,-0.028,-0.007,-0.001,-0.141,0.014,-0.065,-0.228,0.078,-0.385,-0.02086,0.03359,0.00889
mag,127103,-0.021,0.006,0.001,-0.024,0.019,0.008,-0.029,0.041,0.005,-0.015,0.040,0.006,-0.007,0.021,-0.009,-0.070,-0.016,0.008,-0.137,0.015,-0.059,-0.220,-0.040,-0.328,-0.01734,0.03729,0.01060
mag,127153,-0.017,0.009,0.000,0.005,0.010,0.001,-0.015,0.036,0.000,-0.014,0.046,-0.004,-0.007,0.004,0.008,-0.041,-0.008,-0.007,-0.110,-0.015,-0.062,-0.174,-0.068,-0.272,-0.01492,0.03865,0.01210
mag,127204,-0.012,-0.007,-0.001,-0.022,0.019,0.005,-0.012,0.037,-0.005,-0.026,0.050,0.005,-0.007,-0.027,-0.008,-0.025,-0.011,-0.004,-0.127,0.007,-0.060,-0.172,-0.047,-0.316,-0.01733,0.03776,0.01257
mag,127253,-0.024,-0.004,0.009,-0.015,0.015,0.001,-0.033,0.029,-0.004,-0.001,0.051,-0.006,-0.012,0.005,0.010,-0.053,-0.015,-0.005,-0.140,-0.023,-0.064,-0.196,-0.046,-0.348,-0.01835,0.03897,0.01362
mag,127304,-0.012,-0.002,0.003,-0.023,0.010,0.004,-0.004,0.047,-0.004,-0.008,0.054,-0.002,-0.021,-0.002,0.005,-0.068,-0.017,-0.012,-0.156,-0.025,-0.080,-0.190,-0.013,-0.405,-0.02079,0.04026,0.01447
mag,127355,-0.015,0.011,0.005,-0.025,0.007,0.006,-0.014,0.034,-0.003,-0.005,0.035,-0.005,-0.012,-0.009,0.013,-0.059,-0.006,-0.005,-0.167,0.011,-0.098,-0.192,0.032,-0.480,-0.02414,0.03959,0.01379
mag,127404,-0.010,0.013,0.008,0.001,0.029,0.005,-0.003,0.024,-0.000,0.008,0.029,0.013,-0.019,-0.000,0.015,-0.047,-0.005,-0.011,-0.193,0.069,-0.119,-0.201,0.191,-0.623,-0.02844,0.03827,0.01100
mag,127453,-0.023,0.002,0.004,-0.017,0.006,0.001,-0.008,0.047,0.006,0.007,0.018,0.006,-0.005,-0.003,0.002,-0.057,0.001,0.001,-0.220,0.057,-0.116,-0.266,0.257,-0.693,-0.02964,0.03892,0.00960
mag,127505,0.007,0.007,-0.004,-0.000,0.013,0.001,-0.002,0.045,0.006,-0.003,0.027,0.002,-0.031,-0.010,-0.003,-0.044,0.019,-0.015,-0.229,0.055,-0.103,-0.310,0.268,-0.785,-0.02977,0.03955,0.00853
mag,127555,-0.019,-0.002,0.012,-0.008,0.011,0.003,-0.003,0.031,0.008,-0.004,0.019,0.011,-0.030,-0.010,-0.002,-0.079,0.000,-0.004,-0.262,0.056,-0.107,-0.326,0.360,-0.858,-0.03115,0.03923,0.00682
mag,127610,-0.013,0.008,-0.004,-0.005,0.012,0.007,0.001,0.037,0.005,0.011,0.049,0.004,-0.027,-0.001,0.001,-0.050,-0.016,-0.011,-0.232,0.067,-0.116,-0.228,0.317,-0.812,-0.03250,0.03953,0.00966
mag,127654,-0.002,-0.009,0.010,-0.008,0.008,0.005,-0.001,0.034,0.013,0.005,0.040,0.018,-0.027,-0.017,-0.002,-0.069,-0.001,0.007,-0.247,0.061,-0.146,-0.192,0.279,-0.848,-0.03340,0.04184,0.01071
mag,127705,-0.006,0.019,-0.002,0.001,0.018,0.004,0.003,0.036,0.005,-0.002,0.023,0.012,-0.035,-0.012,0.006,-0.075,-0.003,-0.002,-0.297,0.063,-0.153,-0.189,0.366,-0.926,-0.03503,0.04111,0.00951
mag,127753,-0.015,0.000,-0.004,0.007,0.019,-0.004,-0.011,0.037,-0.006,-0.005,0.013,0.007,-0.033,-0.004,0.009,-0.063,0.010,-0.010,-0.300,0.109,-0.179,-0.083,0.469,-0.972,-0.03801,0.04045,0.00892
mag,127806,-0.013,0.012,0.004,-0.026,0.027,0.011,-0.002,0.028,0.003,0.003,0.043,0.009,-0.007,-0.012,0.007,-0.068,-0.000,0.010,-0.297,0.053,-0.158,-0.236,0.300,-1.075,-0.03604,0.04459,0.00952
mag,127853,-0.010,0.003,0.013,-0.024,0.015,0.012,0.002,0.019,0.018,0.007,0.033,0.006,-0.021,-0.014,0.006,-0.073,-0.009,0.004,-0.279,0.011,-0.113,-0.437,0.103,-1.122,-0.03279,0.04969,0.00949
mag,127911,-0.007,-0.019,0.004,-0.016,-0.011,0.005,-0.019,0.046,0.005,0.010,0.033,0.013,-0.039,-0.042,0.002,-0.072,-0.013,0.012,-0.327,0.045,-0.131,-0.465,0.233,-1.289,-0.03386,0.04931,0.00804
mag,127955,-0.027,0.030,-0.000,-0.016,0.030,0.023,0.002,0.026,0.008,-0.009,0.038,0.010,-0.034,0.023,0.018,-0.054,-0.000,0.005,-0.347,0.057,-0.168,-0.412,0.198,-1.409,-0.03638,0.05163,0.00997
mag,128003,0.001,-0.003,0.009,-0.011,0.003,-0.004,0.003,0.061,-0.003,-0.011,0.054,0.015,-0.017,-0.023,0.001,-0.049,-0.022,0.010,-0.369,0.011,-0.169,-0.356,0.086,-1.486,-0.03878,0.05520,0.01131
mag,128059,0.004,0.012,0.004,-0.028,0.028,0.004,-0.011,0.038,0.004,-0.006,0.042,0.006,-0.020,-0.008,0.008,-0.034,-0.022,0.005,-0.231,-0.037,-0.083,-0.471,-0.127,-0.809,-0.02607,0.05156,0.00938
mag,128103,-0.020,0.016,-0.000,-0.022,0.026,-0.006,-0.023,0.064,-0.006,-0.016,0.010,0.010,0.007,0.014,0.002,-0.039,-0.006,-0.006,-0.229,-0.025,-0.129,-0.210,-0.048,-0.659,-0.02847,0.04744,0.01558
mag,128154,-0.015,0.001,0.008,0.004,0.009,0.002,-0.006,0.048,0.000,0.017,0.038,0.006,-0.001,0.040,-0.012,-0.056,-0.031,-0.002,-0.204,-0.021,-0.133,-0.095,0.035,-0.628,-0.03113,0.04405,0.01771
mag,128205,-0.025,-0.015,0.013,-0.024,0.037,0.004,-0.027,0.038,0.003,-0.011,0.037,0.007,-0.036,-0.009,0.017,-0.067,0.004,-0.005,-0.214,0.007,-0.141,-0.143,0.025,-0.641,-0.03051,0.04636,0.01702
mag,128255,-0.008,0.003,0.003,-0.018,0.005,0.007,-0.021,0.056,0.014,-0.001,0.036,0.007,-0.006,-0.011,0.004,-0.058,0.005,-0.002,-0.190,-0.018,-0.106,-0.258,-0.051,-0.661,-0.02670,0.04786,0.01359
mag,128304,0.000,0.025,-0.000,-0.040,0.030,-0.007,-0.015,0.058,0.005,0.011,0.050,0.001,-0.017,-0.007,-0.002,-0.070,-0.005,0.004,-0.215,-0.011,-0.088,-0.303,-0.062,-0.679,-0.02609,0.04698,0.01206
mag,128355,-0.012,-0.002,0.005,0.007,0.008,0.013,-0.010,0.028,0.006,-0.016,0.019,0.014,-0.023,-0.024,-0.004,-0.061,-0.014,-0.002,-0.209,0.006,-0.092,-0.368,0.027,-0.743,-0.02731,0.04520,0.01011
mag,128403,-0.001,0.008,0.002,-0.001,0.024,0.003,-0.012,0.024,-0.007,-0.009,0.022,0.015,-0.011,-0.003,0.005,-0.068,-0.026,0.011,-0.206,0.013,-0.078,-0.385,-0.022,-0.678,-0.02526,0.04524,0.00853
mag,128454,0.000,-0.015,0.007,0.001,0.001,-0.006,0.007,0.032,0.005,-0.002,0.034,0.018,-0.025,-0.002,0.000,-0.040,-0.012,0.001,-0.170,0.074,-0.080,-0.253,0.235,-0.548,-0.02643,0.03294,0.00630
mag,128505,0.002,0.031,0.010,-0.001,0.019,0.007,-0.004,0.024,-0.005,-0.003,-0.000,0.007,-0.001,0.007,0.002,-0.061,-0.004,-0.002,-0.152,0.079,-0.072,-0.157,0.227,-0.366,-0.02406,0.02541,0.00417
mag,128553,0.000,0.007,0.007,-0.016,0.011,0.007,0.001,0.029,0.000,0.007,0.026,0.009,-0.005,0.002,0.010,-0.050,-0.004,-0.011,-0.143,0.032,-0.084,-0.158,0.157,-0.398,-0.02485,0.03029,0.00833
mag,128605,-0.005,0.014,0.006,-0.001,0.018,0.005,-0.011,0.022,0.003,-0.013,0.015,0.012,-0.035,-0.013,0.005,-0.063,-0.000,-0.004,-0.140,0.075,-0.116,-0.034,0.173,-0.312,-0.02724,0.02655,0.01046
mag,128659,-0.031,0.005,-0.001,-0.013,0.019,0.004,0.015,0.012,-0.006,-0.017,0.005,0.013,-0.036,0.016,-0.003,-0.056,0.007,-0.009,-0.081,0.067,-0.098,-0.024,0.160,-0.227,-0.02394,0.02073,0.00836
mag,128705,-0.010,0.010,0.004,-0.009,0.016,0.000,-0.003,0.042,-0.010,-0.006,-0.002,0.003,-0.019,-0.024,-0.014,-0.043,0.003,-0.016,-0.073,0.015,-0.088,-0.047,0.063,-0.197,-0.02097,0.02417,0.01489
mag,128759,-0.005,0.007,-0.003,0.009,0.010,-0.008,-0.016,0.034,-0.014,-0.019,0.015,-0.006,-0.021,0.013,-0.008,-0.032,-0.002,-0.019,-0.051,0.026,-0.075,-0.012,0.052,-0.136,-0.01779,0.01992,0.01441
mag,128808,-0.010,0.005,0.004,0.006,0.015,0.002,-0.015,0.033,-0.002,0.001,0.018,0.010,-0.034,-0.009,-0.002,-0.026,-0.008,-0.010,-0.053,0.034,-0.056,0.011,0.039,-0.094,-0.01443,0.01459,0.01187
mag,128855,0.016,0.019,-0.029,-0.007,0.029,-0.010,0.001,0.014,0.003,-0.019,0.017,-0.006,-0.004,-0.004,-0.006,-0.027,-0.020,-0.008,-0.022,0.008,-0.045,0.014,0.002,-0.077,-0.00972,0.01424,0.01416
mag,128908,-0.022,0.005,0.005,-0.037,-0.017,0.004,0.007,0.030,-0.013,-0.014,0.045,-0.002,-0.035,-0.001,0.003,-0.022,0.002,-0.018,-0.001,0.035,-0.040,-0.004,0.022,-0.063,-0.00880,0.01337,0.01466
mag,128954,-0.018,-0.012,-0.001,0.013,0.034,-0.005,-0.021,0.024,-0.010,-0.001,0.030,-0.015,-0.012,-0.010,-0.019,-0.034,-0.020,-0.017,-0.041,0.004,-0.047,-0.007,-0.007,-0.060,-0.00884,0.01380,0.01553
mag,129004,-0.002,0.018,0.003,0.003,0.007,-0.001,-0.004,0.025,0.001,-0.012,0.022,-0.009,-0.026,0.008,-0.007,-0.046,-0.007,-0.022,-0.016,0.018,-0.054,0.003,0.015,-0.074,-0.01179,0.01250,0.01561
mag,129057,-0.011,0.009,-0.000,-0.014,0.012,0.005,-0.033,0.016,0.010,-0.019,0.004,0.002,0.005,0.032,-0.003,-0.005,0.024,-0.029,-0.037,0.027,-0.058,-0.004,0.015,-0.048,-0.01373,0.01082,0.01629
mag,129105,-0.016,-0.019,-0.004,-0.004,0.017,0.002,0.009,0.022,0.002,0.003,0.010,-0.003,-0.018,0.003,-0.018,-0.031,0.005,-0.031,-0.002,-0.001,-0.048,0.019,0.014,-0.051,-0.01304,0.00800,0.01806
mag,129153,0.019,-0.003,-0.005,-0.015,0.013,-0.017,-0.023,0.035,0.007,-0.008,-0.014,-0.003,-0.011,-0.025,-0.016,0.008,-0.004,-0.028,-0.004,0.025,-0.044,0.024,0.016,-0.026,-0.01189,0.00593,0.01722
mag,129205,-0.009,0.012,0.001,-0.009,-0.005,-0.010,0.022,0.024,-0.006,-0.016,0.003,-0.004,0.003,0.000,-0.018,-0.027,-0.014,-0.016,0.002,0.022,-0.034,0.010,0.025,-0.021,-0.01060,0.00473,0.01577
mag,129254,-0.024,-0.016,-0.007,-0.021,0.005,-0.002,-0.003,0.017,-0.018,0.009,-0.003,0.011,0.001,-0.005,-0.008,-0.011,0.001,-0.015,-0.006,0.002,-0.026,0.017,0.006,-0.035,-0.00976,0.00307,0.01488
mag,129303,0.005,-0.004,0.002,0.009,0.030,-0.009,-0.010,0.001,-0.001,-0.017,0.011,-0.008,-0.001,0.000,-0.017,-0.043,0.004,-0.019,-0.018,0.004,-0.021,0.010,-0.001,-0.025,-0.00765,0.00227,0.01395
mag,129355,-0.035,-0.011,-0.010,0.002,0.005,-0.014,0.008,0.020,-0.014,-0.012,-0.007,-0.012,-0.008,0.010,-0.015,-0.013,0.009,-0.027,-0.001,-0.012,-0.028,0.009,-0.014,-0.010,-0.00657,0.00269,0.01308
mag,129404,-0.007,-0.013,-0.010,-0.034,0.011,0.007,-0.002,0.007,-0.009,-0.009,0.006,-0.003,-0.006,-0.007,-0.017,0.016,-0.012,-0.016,0.022,0.013,-0.025,-0.005,0.007,-0.020,-0.00532,0.00188,0.01388
mag,129453,-0.009,0.021,-0.009,-0.014,-0.004,-0.002,0.000,0.010,-0.003,0.002,0.009,-0.005,-0.005,-0.017,-0.007,-0.021,-0.012,-0.019,0.014,0.000,-0.020,0.011,0.001,-0.015,-0.00552,-0.00005,0.01213
mag,129504,0.002,-0.000,-0.006,-0.001,0.010,-0.004,0.001,0.011,-0.002,-0.011,0.010,-0.004,-0.004,-0.010,-0.003,-0.006,-0.030,-0.021,0.016,-0.001,-0.022,0.018,-0.002,-0.019,-0.00521,0.00095,0.00833
mag,129553,-0.001,-0.001,-0.002,0.015,0.022,-0.019,-0.025,0.004,0.006,-0.012,-0.011,-0.006,0.005,-0.008,-0.007,-0.001,-0.009,-0.011,0.006,0.005,-0.020,0.011,0.005,-0.014,-0.00301,-0.00086,0.00823
mag,129604,0.016,-0.018,-0.004,0.007,-0.010,-0.008,-0.003,-0.008,-0.001,0.003,-0.002,-0.006,-0.009,0.004,-0.009,-0.013,-0.013,-0.017,0.009,-0.017,-0.007,0.007,-0.001,0.005,-0.00222,-0.00105,0.00774
mag,129653,0.002,0.010,0.003,0.007,0.001,0.007,-0.025,0.009,-0.006,-0.006,0.002,-0.013,0.007,0.002,-0.030,-0.008,-0.002,-0.019,-0.005,0.023,-0.008,0.009,-0.004,-0.007,-0.00159,-0.00165,0.00788
mag,129704,-0.010,0.006,-0.003,-0.023,-0.004,-0.010,0.010,0.003,-0.018,0.004,0.001,-0.009,-0.015,-0.006,-0.026,0.006,0.019,-0.032,0.022,-0.010,-0.015,0.021,0.004,-0.006,-0.00179,-0.00299,0.00889
mag,129754,-0.023,0.007,-0.001,-0.003,-0.009,-0.000,-0.004,0.005,0.008,0.011,-0.013,-0.003,-0.003,0.005,-0.028,-0.002,-0.022,0.002,-0.015,0.005,-0.015,0.004,0.004,-0.009,-0.00159,-0.00245,0.00779
mag,129805,-0.019,-0.011,0.001,0.011,0.002,-0.004,0.000,0.016,-0.005,0.004,-0.020,-0.006,-0.005,0.013,-0.007,-0.003,-0.018,-0.019,0.015,-0.012,0.002,-0.006,-0.014,0.004,-0.00248,-0.00393,0.00783
mag,129854,0.019,-0.008,-0.011,0.004,-0.002,-0.018,-0.004,0.011,-0.005,-0.019,0.007,-0.010,0.012,-0.012,-0.020,0.007,-0.017,-0.013,-0.006,0.013,0.003,-0.008,-0.009,-0.008,-0.00213,-0.00495,0.00752
